timestamp,sno,sarea,sna,latitude,longitude,total,available_rent_bikes,available_return_bikes,act,srcUpdateTime
2025-05-25T16:55+00:00,500101001,大安區,YouBike2.0_捷運科技大樓站,25.02605,121.5436,28,7,21,1,2025-05-26 00:54:29
2025-05-25T16:55+00:00,500101002,大安區,YouBike2.0_復興南路二段273號前,25.02565,121.54357,21,6,15,1,2025-05-26 00:54:29
2025-05-25T16:55+00:00,500101003,大安區,YouBike2.0_國北教大實小東側門,25.02429,121.54124,28,26,2,1,2025-05-26 00:54:29
2025-05-25T16:55+00:00,500101004,大安區,YouBike2.0_和平公園東側,25.02351,121.54282,11,11,0,1,2025-05-26 00:54:29
2025-05-25T16:55+00:00,500101005,大安區,YouBike2.0_辛亥復興路口西北側,25.02153,121.54299,16,15,1,1,2025-05-26 00:54:29
2025-05-25T16:55+00:00,500101006,大安區,YouBike2.0_復興南路二段280號前,25.02429,121.54328,27,4,23,1,2025-05-26 00:54:29
2025-05-25T16:55+00:00,500101007,大安區,YouBike2.0_復興南路二段340巷口,25.02253,121.54326,11,11,0,1,2025-05-26 00:54:29
2025-05-25T16:55+00:00,500101008,大安區,YouBike2.0_新生南路三段52號前,25.02112,121.53407,17,17,0,1,2025-05-26 00:54:29
2025-05-25T16:55+00:00,500101009,大安區,YouBike2.0_新生南路三段66號前,25.01976,121.53384,16,10,6,1,2025-05-26 00:54:29
2025-05-25T16:55+00:00,500101010,大安區,YouBike2.0_新生南路三段82號前,25.01894,121.53361,20,1,18,1,2025-05-26 00:54:29
2025-05-25T16:55+00:00,500101012,大安區,YouBike2.0_辛亥路一段30號前,25.01986,121.52982,8,3,5,1,2025-05-26 00:54:29
2025-05-25T16:55+00:00,500101013,大安區,YouBike2.0_和平復興路口西北側,25.02543,121.54332,9,9,0,1,2025-05-26 00:54:29
2025-05-25T16:55+00:00,500101014,大安區,YouBike2.0_羅斯福路三段311號前,25.01717,121.53202,11,0,11,1,2025-05-26 00:54:29
2025-05-25T16:55+00:00,500101015,大安區,YouBike2.0_大安運動中心停車場,25.02089,121.54697,19,13,6,1,2025-05-26 00:54:29
2025-05-25T16:55+00:00,500101016,大安區,YouBike2.0_羅斯福路三段245號前,25.01927,121.52989,8,2,6,1,2025-05-26 00:54:29
2025-05-25T16:55+00:00,500101018,大安區,YouBike2.0_溫州公園,25.01895,121.53156,5,2,3,1,2025-05-26 00:54:29
2025-05-25T16:55+00:00,500101019,大安區,YouBike2.0_和平臥龍街口,25.024461,121.546705,24,21,3,1,2025-05-26 00:54:29
2025-05-25T16:55+00:00,500101020,大安區,YouBike2.0_溫州停車場,25.02093,121.5331,5,0,5,0,2025-05-26 00:54:29
2025-05-25T16:55+00:00,500101021,大安區,YouBike2.0_銘傳國小側門,25.01385,121.53549,7,0,7,1,2025-05-26 00:54:29
2025-05-25T16:55+00:00,500101022,大安區,YouBike2.0_捷運公館站(2號出口),25.01491,121.53438,99,1,98,1,2025-05-26 00:54:29
2025-05-25T16:55+00:00,500101023,大安區,YouBike2.0_第二學生活動中心,25.01244,121.53661,25,13,12,1,2025-05-26 00:54:29
2025-05-25T16:55+00:00,500101024,大安區,YouBike2.0_臺灣科技大學正門,25.01451,121.54142,50,10,40,1,2025-05-26 00:54:29
2025-05-25T16:55+00:00,500101025,大安區,YouBike2.0_臺灣科技大學側門,25.01295,121.53973,99,17,82,1,2025-05-26 00:54:29
2025-05-25T16:55+00:00,500101026,大安區,YouBike2.0_公館公園,25.01137,121.54062,30,29,0,1,2025-05-26 00:54:29
2025-05-25T16:55+00:00,500101027,大安區,YouBike2.0_臺灣科技大學後門,25.01182,121.54165,39,29,10,1,2025-05-26 00:54:29
2025-05-25T16:55+00:00,500101028,大安區,YouBike2.0_臺大醫學院附設癌醫中心,25.01426,121.54382,20,5,15,1,2025-05-26 00:54:29
2025-05-25T16:55+00:00,500101029,大安區,YouBike2.0_臺大環研大樓,25.01234,121.54503,15,7,8,1,2025-05-26 00:54:29
2025-05-25T16:55+00:00,500101030,大安區,YouBike2.0_臺大永齡生醫工程館,25.0136,121.54656,34,22,12,1,2025-05-26 00:54:29
2025-05-25T16:55+00:00,500101031,大安區,YouBike2.0_臺大男七舍前,25.01537,121.54698,20,11,9,1,2025-05-26 00:54:29
2025-05-25T16:55+00:00,500101032,大安區,YouBike2.0_臺大男一舍前,25.01637,121.54535,61,60,0,1,2025-05-26 00:54:29
2025-05-25T16:55+00:00,500101033,大安區,YouBike2.0_臺大男六舍前,25.01664,121.5452,40,22,0,1,2025-05-26 00:54:29
2025-05-25T16:55+00:00,500101034,大安區,YouBike2.0_臺大動物醫院前,25.01576,121.54291,18,2,15,1,2025-05-26 00:54:29
2025-05-25T16:55+00:00,500101035,大安區,YouBike2.0_臺大土木研究大樓前,25.01787,121.5476,24,13,11,1,2025-05-26 00:54:29
2025-05-25T16:55+00:00,500101036,大安區,YouBike2.0_臺大萬才館前,25.02032,121.54497,20,7,13,1,2025-05-26 00:54:29
2025-05-25T16:55+00:00,500101037,大安區,YouBike2.0_臺大國青大樓宿舍前,25.02076,121.54432,20,8,12,1,2025-05-26 00:54:29
2025-05-25T16:55+00:00,500101038,大安區,YouBike2.0_臺大社科院圖書館前,25.02101,121.54284,27,3,24,1,2025-05-26 00:54:29
2025-05-25T16:55+00:00,500101039,大安區,YouBike2.0_臺大法人語言訓練中心前,25.02104,121.54081,28,5,22,1,2025-05-26 00:54:29
2025-05-25T16:55+00:00,500101040,大安區,YouBike2.0_臺大綜合體育館停車場前,25.0222,121.53626,25,15,10,1,2025-05-26 00:54:29
2025-05-25T16:55+00:00,500101041,大安區,YouBike2.0_辛亥新生路口東南側,25.02218,121.53474,50,17,33,1,2025-05-26 00:54:29
2025-05-25T16:55+00:00,500101042,大安區,YouBike2.0_基隆長興路口東側,25.01727,121.54471,15,14,0,1,2025-05-26 00:54:29
2025-05-25T16:55+00:00,500101091,大安區,YouBike2.0_國北教大側門南側,25.022864,121.546622,34,29,5,1,2025-05-26 00:54:29
2025-05-25T16:55+00:00,500101092,大安區,YouBike2.0_和平實小東北側,25.021641,121.54704,25,13,12,1,2025-05-26 00:54:29
2025-05-25T16:55+00:00,500101093,大安區,YouBike2.0_大安區健康服務中心,25.021469,121.544069,23,4,19,1,2025-05-26 00:54:29
2025-05-25T16:55+00:00,500101094,大安區,YouBike2.0_辛亥泰順街口,25.02193,121.53165,20,12,8,1,2025-05-26 00:54:29
2025-05-25T16:55+00:00,500101095,大安區,YouBike2.0_芳和國中,25.0189,121.55013,37,28,9,1,2025-05-26 00:54:29
2025-05-25T16:55+00:00,500101097,大安區,YouBike2.0_臥龍樂業街口,25.01856,121.55558,41,34,7,1,2025-05-26 00:54:29
2025-05-25T16:55+00:00,500101098,大安區,YouBike2.0_臥龍公園,25.01623,121.55037,25,12,13,1,2025-05-26 00:54:29
2025-05-25T16:55+00:00,500101099,大安區,YouBike2.0_嘉興公園,25.021,121.55211,44,28,7,1,2025-05-26 00:54:29
2025-05-25T16:55+00:00,500101100,大安區,YouBike2.0_捷運麟光站(2號出口),25.0181,121.55929,50,8,42,1,2025-05-26 00:54:29
2025-05-25T16:55+00:00,500101101,大安區,YouBike2.0_捷運六張犁站,25.02397,121.55266,64,20,44,1,2025-05-26 00:54:29
2025-05-25T16:55+00:00,500101102,大安區,YouBike2.0_喬治工商,25.02705,121.55551,22,16,6,1,2025-05-26 00:54:29
2025-05-25T16:55+00:00,500101103,大安區,YouBike2.0_法治公園,25.02694,121.55325,29,23,5,1,2025-05-26 00:54:29
2025-05-25T16:55+00:00,500101104,大安區,YouBike2.0_捷運臺電大樓站(2號出口),25.02021,121.52942,18,5,13,1,2025-05-26 00:54:29
2025-05-25T16:55+00:00,500101105,大安區,YouBike2.0_和平金山路口,25.02669,121.52529,45,16,29,1,2025-05-26 00:54:29
2025-05-25T16:55+00:00,500101107,大安區,YouBike2.0_和平龍泉街口,25.02638,121.52971,34,28,2,1,2025-05-26 00:54:29
2025-05-25T16:55+00:00,500101108,大安區,YouBike2.0_和平泰順街口,25.02621,121.53171,19,18,1,1,2025-05-26 00:54:29
2025-05-25T16:55+00:00,500101109,大安區,YouBike2.0_臺灣師範大學(圖書館),25.0266,121.52973,40,34,6,1,2025-05-26 00:54:29
2025-05-25T16:55+00:00,500101110,大安區,YouBike2.0_捷運古亭站(6號出口),25.0276,121.52217,60,15,45,1,2025-05-26 00:54:29
2025-05-25T16:55+00:00,500101111,大安區,YouBike2.0_捷運古亭站(5號出口),25.02715,121.52293,14,0,14,0,2025-05-26 00:54:29
2025-05-25T16:55+00:00,500101113,大安區,YouBike2.0_臺北市立圖書館(總館),25.02895,121.5379,51,35,16,1,2025-05-26 00:54:29
2025-05-25T16:55+00:00,500101114,大安區,YouBike2.0_新生和平路口東北側,25.02657,121.53515,51,18,33,1,2025-05-26 00:54:29
2025-05-25T16:55+00:00,500101115,大安區,YouBike2.0_建國和平路口西北側,25.02606,121.53738,50,6,44,1,2025-05-26 00:54:29
2025-05-25T16:55+00:00,500101116,大安區,YouBike2.0_金華公園,25.02984,121.53107,44,21,23,1,2025-05-26 00:54:29
2025-05-25T16:55+00:00,500101117,大安區,YouBike2.0_捷運東門站(3號出口),25.03383,121.52815,18,0,0,0,2025-05-26 00:54:29
2025-05-25T16:55+00:00,500101118,大安區,YouBike2.0_金甌女中,25.03519,121.5245,15,12,3,1,2025-05-26 00:54:29
2025-05-25T16:55+00:00,500101119,大安區,YouBike2.0_金杭公園,25.03325,121.52436,20,13,7,1,2025-05-26 00:54:29
2025-05-25T16:55+00:00,500101120,大安區,YouBike2.0_愛國金山路口,25.03164,121.52661,43,4,39,1,2025-05-26 00:54:29
2025-05-25T16:55+00:00,500101122,大安區,YouBike2.0_敦化南路二段293巷口南側,25.0237,121.54899,14,2,12,1,2025-05-26 00:54:29
2025-05-25T16:55+00:00,500101123,大安區,YouBike2.0_敦化基隆路口,25.02215,121.54839,38,10,28,1,2025-05-26 00:54:29
2025-05-25T16:55+00:00,500101124,大安區,YouBike2.0_安和路二段181巷口,25.02721,121.54988,29,4,24,1,2025-05-26 00:54:29
2025-05-25T16:55+00:00,500101125,大安區,YouBike2.0_臨江街夜市(通化街101巷口),25.02952,121.55406,30,1,14,1,2025-05-26 00:54:29
2025-05-25T16:55+00:00,500101126,大安區,YouBike2.0_臨江街夜市(基隆路),25.02931,121.55721,29,20,9,1,2025-05-26 00:54:29
2025-05-25T16:55+00:00,500101127,大安區,YouBike2.0_台北科技大學億光大樓,25.04177,121.53833,45,27,18,1,2025-05-26 00:54:29
2025-05-25T16:55+00:00,500101128,大安區,YouBike2.0_新生南路一段119巷口,25.04003,121.53299,33,17,16,1,2025-05-26 00:54:29
2025-05-25T16:55+00:00,500101129,大安區,YouBike2.0_幸安國小(仁愛路),25.03753,121.53523,28,17,11,1,2025-05-26 00:54:29
2025-05-25T16:55+00:00,500101130,大安區,YouBike2.0_民榮公園,25.03534,121.5354,15,9,6,1,2025-05-26 00:54:29
2025-05-25T16:55+00:00,500101131,大安區,YouBike2.0_復興南路1段340巷口,25.03701,121.54348,50,2,48,1,2025-05-26 00:54:29
2025-05-25T16:55+00:00,500101132,大安區,YouBike2.0_建國濟南路口,25.03935,121.53828,54,22,31,1,2025-05-26 00:54:29
2025-05-25T16:55+00:00,500101133,大安區,YouBike2.0_捷運忠孝復興站(2號出口),25.04035,121.5436,43,2,41,1,2025-05-26 00:54:29
2025-05-25T16:55+00:00,500101134,大安區,YouBike2.0_捷運大安站(4號出口),25.0332,121.5439,13,0,13,1,2025-05-26 00:54:29
2025-05-25T16:55+00:00,500101135,大安區,YouBike2.0_捷運大安站(2號出口),25.03358,121.54141,26,5,21,1,2025-05-26 00:54:29
2025-05-25T16:55+00:00,500101136,大安區,YouBike2.0_信義大安路口(信維大樓),25.03317,121.54639,18,10,7,1,2025-05-26 00:54:29
2025-05-25T16:55+00:00,500101137,大安區,YouBike2.0_龍門廣場,25.04092,121.54825,70,0,69,1,2025-05-26 00:54:29
2025-05-25T16:55+00:00,500101138,大安區,YouBike2.0_仁愛安和路口,25.03754,121.55285,33,2,31,1,2025-05-26 00:54:29
2025-05-25T16:55+00:00,500101139,大安區,YouBike2.0_信義敦化路口,25.03333,121.54977,52,16,36,1,2025-05-26 00:54:29
2025-05-25T16:55+00:00,500101140,大安區,YouBike2.0_仁愛國中,25.03706,121.55166,25,11,14,1,2025-05-26 00:54:29
2025-05-25T16:55+00:00,500101141,大安區,YouBike2.0_捷運信義安和站(2號出口),25.03304,121.55171,24,11,13,1,2025-05-26 00:54:29
2025-05-25T16:55+00:00,500101142,大安區,YouBike2.0_八德市場,25.04463,121.53665,30,29,1,1,2025-05-26 00:54:29
2025-05-25T16:55+00:00,500101143,大安區,YouBike2.0_昌隆公園,25.04448,121.53946,16,7,9,1,2025-05-26 00:54:29
2025-05-25T16:55+00:00,500101144,大安區,YouBike2.0_捷運大安森林公園站(2號出口),25.03332,121.53435,69,15,43,1,2025-05-26 00:54:29
2025-05-25T16:55+00:00,500101145,大安區,YouBike2.0_信義延吉街口,25.03318,121.55725,15,6,9,1,2025-05-26 00:54:29
2025-05-25T16:55+00:00,500101146,大安區,YouBike2.0_光信公園(光復南路456巷),25.03513,121.5561,25,8,13,1,2025-05-26 00:54:29
2025-05-25T16:55+00:00,500101147,大安區,YouBike2.0_僑安地下停車場(2號出口)東南側,25.0391,121.5569,20,6,14,1,2025-05-26 00:54:29
2025-05-25T16:55+00:00,500101148,大安區,YouBike2.0_建國南路一段279巷口,25.03635,121.53833,32,15,17,1,2025-05-26 00:54:29
2025-05-25T16:55+00:00,500101149,大安區,YouBike2.0_捷運忠孝新生站(6號出口),25.04091,121.53295,15,4,11,1,2025-05-26 00:54:29
2025-05-25T16:55+00:00,500101150,大安區,YouBike2.0_捷運忠孝新生站(4號出口),25.04239,121.53324,46,18,28,1,2025-05-26 00:54:29
2025-05-25T16:55+00:00,500101151,大安區,YouBike2.0_大安高工,25.03126,121.54339,23,1,22,1,2025-05-26 00:54:29
2025-05-25T16:55+00:00,500101152,大安區,YouBike2.0_捷運忠孝新生站(3號出口),25.04189,121.53376,43,1,42,1,2025-05-26 00:54:29
2025-05-25T16:55+00:00,500101153,大安區,YouBike2.0_瑠公公園,25.04201,121.54612,20,2,18,1,2025-05-26 00:54:29
2025-05-25T16:55+00:00,500101154,大安區,YouBike2.0_敦化市民路口,25.04405,121.5486,23,2,21,1,2025-05-26 00:54:29
2025-05-25T16:55+00:00,500101155,大安區,YouBike2.0_捷運大安森林公園站(5號出口),25.03336,121.5364,15,2,13,1,2025-05-26 00:54:29
2025-05-25T16:55+00:00,500101156,大安區,YouBike2.0_信義建國路口,25.0328,121.53746,52,2,48,1,2025-05-26 00:54:29
2025-05-25T16:55+00:00,500101157,大安區,YouBike2.0_東豐公園,25.03569,121.5451,19,18,1,1,2025-05-26 00:54:29
2025-05-25T16:55+00:00,500101158,大安區,YouBike2.0_德安公園(四維路66巷),25.03473,121.54767,22,22,0,1,2025-05-26 00:54:29
2025-05-25T16:55+00:00,500101159,大安區,YouBike2.0_捷運忠孝復興站(5號出口),25.04253,121.54407,30,1,29,1,2025-05-26 00:54:29
2025-05-25T16:55+00:00,500101160,大安區,YouBike2.0_捷運忠孝敦化站(2號出口),25.04153,121.5524,17,2,15,1,2025-05-26 00:54:29
2025-05-25T16:55+00:00,500101161,大安區,YouBike2.0_捷運忠孝敦化站(7號出口),25.04159,121.54937,18,1,17,1,2025-05-26 00:54:29
2025-05-25T16:55+00:00,500101162,大安區,YouBike2.0_忠孝東路四段223巷口(市民大道側),25.04427,121.55291,25,0,25,1,2025-05-26 00:54:29
2025-05-25T16:55+00:00,500101163,大安區,YouBike2.0_瑞安街208巷,25.02979,121.54053,15,9,6,1,2025-05-26 00:54:29
2025-05-25T16:55+00:00,500101165,大安區,YouBike2.0_樂利路21巷口,25.0277,121.55132,17,14,0,1,2025-05-26 00:54:29
2025-05-25T16:55+00:00,500101166,大安區,YouBike2.0_捷運科技大樓站(台北教育大學),25.02472,121.54417,54,18,35,1,2025-05-26 00:54:29
2025-05-25T16:55+00:00,500101167,大安區,YouBike2.0_捷運國父紀念館站(2號出口),25.04122,121.55745,45,3,42,1,2025-05-26 00:54:29
2025-05-25T16:55+00:00,500101168,大安區,YouBike2.0_仁愛醫院,25.03756,121.54587,36,3,33,1,2025-05-26 00:54:29
2025-05-25T16:55+00:00,500101169,大安區,YouBike2.0_捷運信義安和站(4號出口),25.03305,121.55378,49,0,48,1,2025-05-26 00:54:29
2025-05-25T16:55+00:00,500101170,大安區,YouBike2.0_成功國宅,25.02681,121.54668,36,28,8,1,2025-05-26 00:54:29
2025-05-25T16:55+00:00,500101171,大安區,YouBike2.0_仁愛延吉街口,25.03748,121.55564,33,6,27,1,2025-05-26 00:54:29
2025-05-25T16:55+00:00,500101172,大安區,YouBike2.0_捷運信義安和站(1號出口),25.03331,121.55265,33,20,13,1,2025-05-26 00:54:29
2025-05-25T16:55+00:00,500101173,大安區,YouBike2.0_敦化南路二段103巷口,25.0287,121.54904,24,19,5,1,2025-05-26 00:54:29
2025-05-25T16:55+00:00,500101174,大安區,YouBike2.0_復興南路二段128巷口,25.02861,121.54336,41,18,23,1,2025-05-26 00:54:29
2025-05-25T16:55+00:00,500101175,大安區,YouBike2.0_和平東建國南路口,25.02575,121.5377,17,8,8,1,2025-05-26 00:54:29
2025-05-25T16:55+00:00,500101176,大安區,YouBike2.0_芳蘭山莊,25.01223,121.54788,16,11,4,1,2025-05-26 00:54:29
2025-05-25T16:55+00:00,500101177,大安區,YouBike2.0_復興南路一段126巷口,25.04311,121.54313,15,7,8,1,2025-05-26 00:54:29
2025-05-25T16:55+00:00,500101179,大安區,YouBike2.0_捷運東門站(5號出口),25.03363,121.52962,28,12,16,1,2025-05-26 00:54:29
2025-05-25T16:55+00:00,500101180,大安區,YouBike2.0_仁愛路四段48巷口,25.03597,121.54693,12,10,2,1,2025-05-26 00:54:29
2025-05-25T16:55+00:00,500101181,大安區,YouBike2.0_捷運公館站(3號出口),25.01551,121.53374,99,2,96,1,2025-05-26 00:54:29
2025-05-25T16:55+00:00,500101182,大安區,YouBike2.0_臺北科技大學(電機工程系),25.04196,121.53653,34,3,31,1,2025-05-26 00:54:29
2025-05-25T16:55+00:00,500101184,大安區,YouBike2.0_新生南路三段94巷口,25.01744,121.53334,15,0,15,1,2025-05-26 00:54:29
2025-05-25T16:55+00:00,500101185,大安區,YouBike2.0_辛亥新生路口西北側,25.02267,121.5341,24,6,16,1,2025-05-26 00:54:29
2025-05-25T16:55+00:00,500101186,大安區,YouBike2.0_捷運大安站(6號出口),25.03479,121.54376,29,0,29,1,2025-05-26 00:54:29
2025-05-25T16:55+00:00,500101187,大安區,YouBike2.0_臥龍街195巷口,25.01783,121.55224,14,10,3,1,2025-05-26 00:54:29
2025-05-25T16:55+00:00,500101188,大安區,YouBike2.0_辛亥路三段157巷口,25.01727,121.54904,27,12,15,1,2025-05-26 00:54:29
2025-05-25T16:55+00:00,500101189,大安區,YouBike2.0_臥龍基隆路口,25.02039,121.54853,28,8,19,1,2025-05-26 00:54:29
2025-05-25T16:55+00:00,500101190,大安區,YouBike2.0_敦親公園,25.02347,121.54108,26,26,0,1,2025-05-26 00:54:29
2025-05-25T16:55+00:00,500101191,大安區,YouBike2.0_大安運動中心,25.02054,121.54561,33,5,28,1,2025-05-26 00:54:29
2025-05-25T16:55+00:00,500101192,大安區,YouBike2.0_和平敦化路口,25.02444,121.54908,36,16,19,1,2025-05-26 00:54:29
2025-05-25T16:55+00:00,500101193,大安區,YouBike2.0_基隆長興路口,25.01705,121.54435,51,43,1,1,2025-05-26 00:54:29
2025-05-25T16:55+00:00,500101194,大安區,YouBike2.0_仁愛路四段122巷口,25.03762,121.55009,25,10,15,1,2025-05-26 00:54:29
2025-05-25T16:55+00:00,500101196,大安區,YouBike2.0_市民敦化路口,25.04464,121.54944,32,6,26,1,2025-05-26 00:54:29
2025-05-25T16:55+00:00,500101197,大安區,YouBike2.0_忠孝東路四段49巷口,25.04172,121.54541,15,0,15,1,2025-05-26 00:54:29
2025-05-25T16:55+00:00,500101198,大安區,YouBike2.0_市民復興路口(東南側),25.04472,121.54401,16,4,12,1,2025-05-26 00:54:29
2025-05-25T16:55+00:00,500101199,大安區,YouBike2.0_和平新生路口西南側,25.02604,121.534,17,17,0,1,2025-05-26 00:54:29
2025-05-25T16:55+00:00,500101200,大安區,YouBike2.0_全安公園,25.02535,121.55101,16,11,5,1,2025-05-26 00:54:29
2025-05-25T16:55+00:00,500101201,大安區,YouBike2.0_信義路三段134巷口,25.03333,121.53968,19,2,17,1,2025-05-26 00:54:29
2025-05-25T16:55+00:00,500101202,大安區,YouBike2.0_仁愛敦南圓環(東南側),25.03715,121.54936,16,7,9,1,2025-05-26 00:54:29
2025-05-25T16:55+00:00,500101203,大安區,YouBike2.0_臺北遠企購物中心,25.02709,121.54902,33,8,25,1,2025-05-26 00:54:29
2025-05-25T16:55+00:00,500101204,大安區,YouBike2.0_外交部外交及國際事務學院,25.0371,121.54839,26,0,26,1,2025-05-26 00:54:29
2025-05-25T16:55+00:00,500101205,大安區,YouBike2.0_四維路170巷口,25.02821,121.54864,22,19,3,1,2025-05-26 00:54:29
2025-05-25T16:55+00:00,500101206,大安區,YouBike2.0_捷運大安站(3號出口),25.03328,121.5425,46,13,33,1,2025-05-26 00:54:29
2025-05-25T16:55+00:00,500101207,大安區,YouBike2.0_捷運臺電大樓站(2號出口)_1,25.02055,121.52855,38,1,37,1,2025-05-26 00:54:29
2025-05-25T16:55+00:00,500101208,大安區,YouBike2.0_信義路四段199巷,25.03459,121.55164,15,15,0,1,2025-05-26 00:54:29
2025-05-25T16:55+00:00,500101209,大安區,YouBike2.0_臺大資訊大樓,25.02101,121.54153,40,4,36,1,2025-05-26 00:54:29
2025-05-25T16:55+00:00,500101210,大安區,YouBike2.0_敦化南路二段81巷,25.03002,121.54893,40,29,11,1,2025-05-26 00:54:29
2025-05-25T16:55+00:00,500101211,大安區,YouBike2.0_原臺北刑務所官舍,25.03054,121.52466,23,6,17,1,2025-05-26 00:54:29
2025-05-25T16:55+00:00,500101212,大安區,YouBike2.0_捷運國父紀念館站(1號出口),25.04205,121.55657,24,2,22,1,2025-05-26 00:54:29
2025-05-25T16:55+00:00,500101213,大安區,YouBike2.0_懷生國中,25.0401,121.54122,24,3,21,1,2025-05-26 00:54:29
2025-05-25T16:55+00:00,500101214,大安區,YouBike2.0_仁愛敦南圓環(西北側),25.03827,121.54802,20,1,19,1,2025-05-26 00:54:29
2025-05-25T16:55+00:00,500101215,大安區,YouBike2.0_立人國小,25.02974,121.55146,17,16,1,1,2025-05-26 00:54:29
2025-05-25T16:55+00:00,500101216,大安區,YouBike2.0_和平東路二段18巷口,25.02268,121.53608,24,15,8,1,2025-05-26 00:54:29
2025-05-25T16:55+00:00,500101217,大安區,YouBike2.0_捷運大安站(5號出口),25.03303,121.54372,26,1,25,1,2025-05-26 00:54:29
2025-05-25T16:55+00:00,500101218,大安區,YouBike2.0_臨江公園,25.02832,121.55592,23,15,6,1,2025-05-26 00:54:29
2025-05-25T16:55+00:00,500101219,大安區,YouBike2.0_羅斯福路四段113巷19弄口,25.01027,121.53998,14,5,8,1,2025-05-26 00:54:29
2025-05-25T16:55+00:00,500101221,大安區,YouBike2.0_忠孝東路四段248巷口,25.04132,121.55393,25,1,24,1,2025-05-26 00:54:29
2025-05-25T16:55+00:00,500101222,大安區,YouBike2.0_仁愛延吉路口(西北側),25.03795,121.55466,24,8,16,1,2025-05-26 00:54:29
2025-05-25T16:55+00:00,500101223,大安區,YouBike2.0_樂利路101巷口,25.02528,121.55224,13,10,3,1,2025-05-26 00:54:29
2025-05-25T16:55+00:00,500101224,大安區,YouBike2.0_羅斯福浦城街口,25.02208,121.52678,25,4,15,1,2025-05-26 00:54:29
2025-05-25T16:55+00:00,500101225,大安區,YouBike2.0_敦化南路一段295巷口,25.03551,121.54951,18,8,10,1,2025-05-26 00:54:29
2025-05-25T16:55+00:00,500101226,大安區,YouBike2.0_通安區民活動中心,25.02942,121.55294,28,22,3,1,2025-05-26 00:54:29
2025-05-25T16:55+00:00,500101227,大安區,YouBike2.0_復興忠孝東路口(東南側),25.04061,121.54389,28,10,18,1,2025-05-26 00:54:29
2025-05-25T16:55+00:00,500101228,大安區,YouBike2.0_仁愛大安路口(東北側),25.03813,121.54631,21,1,20,1,2025-05-26 00:54:29
2025-05-25T16:55+00:00,500101229,大安區,YouBike2.0_臺灣師範大學(浦城街),25.02476,121.52803,20,6,12,1,2025-05-26 00:54:29
2025-05-25T16:55+00:00,500101230,大安區,YouBike2.0_安和路二段69巷口,25.03056,121.55252,20,4,15,1,2025-05-26 00:54:29
2025-05-25T16:55+00:00,500101231,大安區,YouBike2.0_大安國小,25.02014,121.55084,25,23,2,1,2025-05-26 00:54:29
2025-05-25T16:55+00:00,500101232,大安區,YouBike2.0_捷運古亭站(3號出口),25.02572,121.52359,15,6,9,1,2025-05-26 00:54:29
2025-05-25T16:55+00:00,500101233,大安區,YouBike2.0_捷運忠孝復興站(3號出口),25.04152,121.54414,37,7,30,1,2025-05-26 00:54:29
2025-05-25T16:55+00:00,500101234,大安區,YouBike2.0_和平東路二段90巷,25.02468,121.53965,20,14,5,1,2025-05-26 00:54:29
2025-05-25T16:55+00:00,500101235,大安區,YouBike2.0_光復南路420巷口,25.03601,121.55742,16,7,9,1,2025-05-26 00:54:29
2025-05-25T16:55+00:00,500101236,大安區,YouBike2.0_富陽臥龍街口,25.0187,121.55688,18,13,1,1,2025-05-26 00:54:29
2025-05-25T16:55+00:00,500101237,大安區,YouBike2.0_仁愛復興路口,25.03817,121.544,25,1,24,1,2025-05-26 00:54:29
2025-05-25T16:55+00:00,500101238,大安區,YouBike2.0_仁愛敦南圓環(東側),25.03804,121.55042,26,4,22,1,2025-05-26 00:54:29
2025-05-25T16:55+00:00,500101239,大安區,YouBike2.0_古風公園,25.02187,121.52912,15,9,1,1,2025-05-26 00:54:29
2025-05-25T16:55+00:00,500101240,大安區,YouBike2.0_和平東路二段76巷,25.02263,121.53906,40,40,0,1,2025-05-26 00:54:29
2025-05-25T16:55+00:00,500101241,大安區,YouBike2.0_敦化信義路口(東南側),25.03276,121.54907,20,7,13,1,2025-05-26 00:54:29
2025-05-25T16:55+00:00,500101242,大安區,YouBike2.0_和平東路三段308巷口,25.01883,121.5544,14,10,1,1,2025-05-26 00:54:29
2025-05-25T16:55+00:00,500101243,大安區,YouBike2.0_忠孝建國路口(東南側),25.04159,121.5378,21,5,16,1,2025-05-26 00:54:29
2025-05-25T16:55+00:00,500101244,大安區,YouBike2.0_浦城街26巷,25.02324,121.52618,17,7,5,1,2025-05-26 00:54:29
2025-05-25T16:55+00:00,500101245,大安區,YouBike2.0_青峰活動中心,25.01524,121.55121,25,8,17,1,2025-05-26 00:54:29
2025-05-25T16:55+00:00,500101246,大安區,YouBike2.0_忠孝東路三段216巷口,25.04157,121.5402,28,21,6,1,2025-05-26 00:54:29
2025-05-25T16:55+00:00,500101247,大安區,YouBike2.0_捷運忠孝復興站(4號出口),25.04173,121.54412,25,1,24,1,2025-05-26 00:54:29
2025-05-25T16:55+00:00,500101248,大安區,YouBike2.0_和平溫州街口,25.02634,121.53342,23,16,7,1,2025-05-26 00:54:29
2025-05-25T16:55+00:00,500101250,大安區,YouBike2.0_國立臺北教育大學創意館,25.02305,121.54394,32,4,27,1,2025-05-26 00:54:29
2025-05-25T16:55+00:00,500101251,大安區,YouBike2.0_捷運忠孝復興站(1號出口),25.04199,121.54362,27,1,26,1,2025-05-26 00:54:29
2025-05-25T16:55+00:00,500101252,大安區,YouBike2.0_政大公企中心,25.03076,121.52781,13,6,6,1,2025-05-26 00:54:29
2025-05-25T16:55+00:00,500101253,大安區,YouBike2.0_大安路二段90巷口,25.03117,121.54602,19,12,7,1,2025-05-26 00:54:29
2025-05-25T16:55+00:00,500101254,大安區,YouBike2.0_師大附中運動中心,25.03626,121.53997,33,16,17,1,2025-05-26 00:54:29
2025-05-25T16:55+00:00,500101256,大安區,YouBike2.0_敦化基隆路口(東北側),25.02196,121.54899,19,15,4,1,2025-05-26 00:54:29
2025-05-25T16:55+00:00,500101257,大安區,YouBike2.0_龍圖公園,25.0305,121.54184,20,9,11,1,2025-05-26 00:54:29
2025-05-25T16:55+00:00,500101258,大安區,YouBike2.0_新生南路二段54巷口,25.02878,121.53412,26,2,24,1,2025-05-26 00:54:29
2025-05-25T16:55+00:00,500101259,大安區,YouBike2.0_臺靜農人文會館,25.02462,121.53347,12,10,2,1,2025-05-26 00:54:29
2025-05-25T16:55+00:00,500103001,大同區,YouBike2.0_延平國宅,25.07894,121.51121,30,27,2,1,2025-05-26 00:54:29
2025-05-25T16:55+00:00,500103002,大同區,YouBike2.0_臺北市立圖書館大同分館,25.0741,121.51349,40,16,24,1,2025-05-26 00:54:29
2025-05-25T16:55+00:00,500103003,大同區,YouBike2.0_合昌宮,25.07717,121.50934,15,11,3,1,2025-05-26 00:54:29
2025-05-25T16:55+00:00,500103004,大同區,YouBike2.0_民族延平路口,25.06864,121.5107,36,20,6,1,2025-05-26 00:54:29
2025-05-25T16:55+00:00,500103005,大同區,YouBike2.0_重慶酒泉街口,25.07158,121.51368,44,26,16,1,2025-05-26 00:54:29
2025-05-25T16:55+00:00,500103006,大同區,YouBike2.0_樹德公園,25.06647,121.5165,14,7,7,1,2025-05-26 00:54:29
2025-05-25T16:55+00:00,500103007,大同區,YouBike2.0_陳天來故居,25.05601,121.50895,16,4,11,1,2025-05-26 00:54:29
2025-05-25T16:55+00:00,500103008,大同區,YouBike2.0_臺北孔廟,25.07378,121.51583,37,19,18,1,2025-05-26 00:54:29
2025-05-25T16:55+00:00,500103009,大同區,YouBike2.0_捷運圓山站(1號出口),25.07133,121.52024,81,3,77,1,2025-05-26 00:54:29
2025-05-25T16:55+00:00,500103010,大同區,YouBike2.0_酒泉延平路口,25.0722,121.51057,41,27,14,1,2025-05-26 00:54:29
2025-05-25T16:55+00:00,500103011,大同區,YouBike2.0_重慶國中,25.07567,121.51862,64,24,39,1,2025-05-26 00:54:29
2025-05-25T16:55+00:00,500103012,大同區,YouBike2.0_重慶北路三段383巷口,25.07598,121.51409,25,18,6,1,2025-05-26 00:54:29
2025-05-25T16:55+00:00,500103013,大同區,YouBike2.0_台北數位產業園區,25.07447,121.52003,24,8,16,1,2025-05-26 00:54:29
2025-05-25T16:55+00:00,500103019,大同區,YouBike2.0_民權延平路口(西北側),25.06326,121.51099,20,13,7,1,2025-05-26 00:54:29
2025-05-25T16:55+00:00,500103020,大同區,YouBike2.0_民權迪化街口,25.06327,121.50943,47,47,0,1,2025-05-26 00:54:29
2025-05-25T16:55+00:00,500103021,大同區,YouBike2.0_大稻埕公園,25.05915,121.51033,35,23,12,1,2025-05-26 00:54:29
2025-05-25T16:55+00:00,500103022,大同區,YouBike2.0_大龍老人住宅,25.06853,121.51729,14,12,2,1,2025-05-26 00:54:29
2025-05-25T16:55+00:00,500103023,大同區,YouBike2.0_大龍峒社會住宅,25.0708,121.51826,34,9,25,1,2025-05-26 00:54:29
2025-05-25T16:55+00:00,500103024,大同區,YouBike2.0_捷運大橋頭站(2號出口),25.06314,121.51308,57,6,50,1,2025-05-26 00:54:29
2025-05-25T16:55+00:00,500103025,大同區,YouBike2.0_捷運大橋頭站(1A出口),25.06325,121.51162,30,18,12,1,2025-05-26 00:54:29
2025-05-25T16:55+00:00,500103026,大同區,YouBike2.0_捷運民權西路站(2號出口),25.06174,121.51969,25,1,24,1,2025-05-26 00:54:29
2025-05-25T16:55+00:00,500103027,大同區,YouBike2.0_捷運雙連站(2號出口),25.05826,121.52063,41,7,34,1,2025-05-26 00:54:29
2025-05-25T16:55+00:00,500103028,大同區,YouBike2.0_捷運北門站(3號出口),25.04991,121.5104,62,23,38,1,2025-05-26 00:54:29
2025-05-25T16:55+00:00,500103029,大同區,YouBike2.0_朝陽公園,25.05592,121.51367,10,7,3,1,2025-05-26 00:54:29
2025-05-25T16:55+00:00,500103030,大同區,YouBike2.0_永樂市場,25.05454,121.51052,38,14,24,1,2025-05-26 00:54:29
2025-05-25T16:55+00:00,500103031,大同區,YouBike2.0_大龍公園,25.07049,121.51596,26,20,6,1,2025-05-26 00:54:29
2025-05-25T16:55+00:00,500103032,大同區,YouBike2.0_重慶涼州街口,25.06054,121.51338,13,8,4,1,2025-05-26 00:54:29
2025-05-25T16:55+00:00,500103033,大同區,YouBike2.0_圓山線形公園,25.06867,121.51993,26,4,22,1,2025-05-26 00:54:29
2025-05-25T16:55+00:00,500103034,大同區,YouBike2.0_圓環站,25.05369,121.51418,31,7,24,1,2025-05-26 00:54:29
2025-05-25T16:55+00:00,500103035,大同區,YouBike2.0_重慶民族路口,25.06853,121.51359,32,16,16,1,2025-05-26 00:54:29
2025-05-25T16:55+00:00,500103036,大同區,YouBike2.0_承德路三段8巷口,25.06407,121.51822,21,4,16,1,2025-05-26 00:54:29
2025-05-25T16:55+00:00,500103037,大同區,YouBike2.0_太原廣場,25.04925,121.51468,31,12,18,1,2025-05-26 00:54:29
2025-05-25T16:55+00:00,500103038,大同區,YouBike2.0_國順公園,25.06594,121.51078,20,16,4,1,2025-05-26 00:54:29
2025-05-25T16:55+00:00,500103039,大同區,YouBike2.0_聯合醫院中興院區,25.05205,121.50818,40,12,28,1,2025-05-26 00:54:29
2025-05-25T16:55+00:00,500103040,大同區,YouBike2.0_蔣渭水紀念公園,25.06011,121.51729,36,17,17,1,2025-05-26 00:54:29
2025-05-25T16:55+00:00,500103041,大同區,YouBike2.0_迪化休閒運動公園,25.07491,121.5115,26,7,19,1,2025-05-26 00:54:29
2025-05-25T16:55+00:00,500103042,大同區,YouBike2.0_大同運動中心,25.06496,121.51608,16,5,10,1,2025-05-26 00:54:29
2025-05-25T16:55+00:00,500103043,大同區,YouBike2.0_重慶保安街口(家樂福重慶店),25.05918,121.51373,20,13,7,1,2025-05-26 00:54:29
2025-05-25T16:55+00:00,500103044,大同區,YouBike2.0_大稻埕碼頭,25.05662,121.50783,52,1,48,1,2025-05-26 00:54:29
2025-05-25T16:55+00:00,500103045,大同區,YouBike2.0_歸綏戲曲公園,25.05805,121.51353,25,15,10,1,2025-05-26 00:54:29
2025-05-25T16:55+00:00,500103046,大同區,YouBike2.0_民權國中(民權西路),25.06322,121.5144,25,11,13,1,2025-05-26 00:54:29
2025-05-25T16:55+00:00,500103047,大同區,YouBike2.0_承德民權路口,25.06247,121.51839,36,8,28,1,2025-05-26 00:54:29
2025-05-25T16:55+00:00,500103048,大同區,YouBike2.0_南京太原路口,25.05366,121.51638,29,7,22,1,2025-05-26 00:54:29
2025-05-25T16:55+00:00,500103049,大同區,YouBike2.0_承德民生西路口,25.05756,121.51828,19,1,17,1,2025-05-26 00:54:29
2025-05-25T16:55+00:00,500103050,大同區,YouBike2.0_太原五原路口,25.05646,121.51698,32,2,30,1,2025-05-26 00:54:29
2025-05-25T16:55+00:00,500103051,大同區,YouBike2.0_臺北轉運站(華陰街),25.04937,121.51914,20,1,19,1,2025-05-26 00:54:29
2025-05-25T16:55+00:00,500103052,大同區,YouBike2.0_捷運民權西路站(3號出口),25.06129,121.52021,50,13,36,1,2025-05-26 00:54:29
2025-05-25T16:55+00:00,500103053,大同區,YouBike2.0_捷運中山站(5號出口),25.05296,121.51938,18,1,17,1,2025-05-26 00:54:29
2025-05-25T16:55+00:00,500103054,大同區,YouBike2.0_重慶長安路口,25.0515,121.51398,21,5,15,1,2025-05-26 00:54:29
2025-05-25T16:55+00:00,500103055,大同區,YouBike2.0_承德昌吉街口,25.06587,121.51847,18,4,14,1,2025-05-26 00:54:29
2025-05-25T16:55+00:00,500103056,大同區,YouBike2.0_大同16號廣場,25.05658,121.50826,14,4,10,1,2025-05-26 00:54:29
2025-05-25T16:55+00:00,500103057,大同區,YouBike2.0_捷運圓山站(2號出口),25.07182,121.51929,37,0,0,0,2025-05-26 00:54:29
2025-05-25T16:55+00:00,500103058,大同區,YouBike2.0_樹德公園_1,25.06669,121.51615,40,36,4,1,2025-05-26 00:54:29
2025-05-25T16:55+00:00,500103059,大同區,YouBike2.0_承德鄭州路口(市民高架下),25.04879,121.51626,38,0,31,1,2025-05-26 00:54:29
2025-05-25T16:55+00:00,500103060,大同區,YouBike2.0_成淵高中,25.06036,121.51996,25,17,8,1,2025-05-26 00:54:29
2025-05-25T16:55+00:00,500103061,大同區,YouBike2.0_雙蓮國小,25.06157,121.51683,20,11,9,1,2025-05-26 00:54:29
2025-05-25T16:55+00:00,500103062,大同區,YouBike2.0_寧夏涼州街口,25.06095,121.51428,15,8,7,1,2025-05-26 00:54:29
2025-05-25T16:55+00:00,500103063,大同區,YouBike2.0_延平涼州街口,25.06092,121.51126,14,10,3,1,2025-05-26 00:54:29
2025-05-25T16:55+00:00,500103064,大同區,YouBike2.0_大同行政中心,25.06603,121.51481,16,10,6,1,2025-05-26 00:54:29
2025-05-25T16:55+00:00,500103065,大同區,YouBike2.0_大龍市場,25.07473,121.51451,15,4,10,1,2025-05-26 00:54:29
2025-05-25T16:55+00:00,500103066,大同區,YouBike2.0_南京西寧北路口(西北側),25.05348,121.50855,13,8,3,1,2025-05-26 00:54:29
2025-05-25T16:55+00:00,500103068,大同區,YouBike2.0_哈密街23巷19弄口,25.07563,121.51815,23,19,4,1,2025-05-26 00:54:29
2025-05-25T16:55+00:00,500103069,大同區,YouBike2.0_民權西路160巷口,25.06289,121.51544,15,12,3,1,2025-05-26 00:54:29
2025-05-25T16:55+00:00,500103070,大同區,YouBike2.0_重慶北路三段205巷口,25.06997,121.51388,19,18,1,1,2025-05-26 00:54:29
2025-05-25T16:55+00:00,500103071,大同區,YouBike2.0_承德路二段91巷口,25.05621,121.51847,20,1,19,1,2025-05-26 00:54:29
2025-05-25T16:55+00:00,500103072,大同區,YouBike2.0_酒泉庫倫街口,25.07194,121.51626,15,6,9,1,2025-05-26 00:54:29
2025-05-25T16:55+00:00,500103073,大同區,YouBike2.0_民族西大龍街口,25.06864,121.51559,16,12,3,1,2025-05-26 00:54:29
2025-05-25T16:55+00:00,500103074,大同區,YouBike2.0_承德路三段324巷口,25.07477,121.51977,45,19,22,1,2025-05-26 00:54:29
2025-05-25T16:55+00:00,500103075,大同區,YouBike2.0_玉泉公園(鄭州路),25.05044,121.50766,20,4,16,1,2025-05-26 00:54:29
2025-05-25T16:55+00:00,500103076,大同區,YouBike2.0_玉泉公園(忠孝西路),25.04888,121.50745,25,10,14,1,2025-05-26 00:54:29
2025-05-25T16:55+00:00,500103078,大同區,YouBike2.0_明倫高中,25.07576,121.52011,32,7,25,1,2025-05-26 00:54:29
2025-05-25T16:55+00:00,500104001,士林區,YouBike2.0_劍潭抽水站,25.08128,121.51784,17,8,1,1,2025-05-26 00:54:29
2025-05-25T16:55+00:00,500104002,士林區,YouBike2.0_通河東街大南路口,25.08914,121.51542,15,8,5,1,2025-05-26 00:54:29
2025-05-25T16:55+00:00,500104003,士林區,YouBike2.0_福港街停車場,25.08695,121.51901,38,26,5,1,2025-05-26 00:54:29
2025-05-25T16:55+00:00,500104004,士林區,YouBike2.0_百齡國小,25.08521,121.51918,50,44,6,1,2025-05-26 00:54:29
2025-05-25T16:55+00:00,500104005,士林區,YouBike2.0_雨聲街165巷口,25.10277,121.53357,24,7,17,1,2025-05-26 00:54:29
2025-05-25T16:55+00:00,500104006,士林區,YouBike2.0_天和公園,25.12011,121.53357,16,8,3,1,2025-05-26 00:54:29
2025-05-25T16:55+00:00,500104007,士林區,YouBike2.0_中山天母路口,25.11856,121.52964,29,7,21,1,2025-05-26 00:54:29
2025-05-25T16:55+00:00,500104008,士林區,YouBike2.0_天母運動公園,25.11633,121.53414,50,28,22,1,2025-05-26 00:54:29
2025-05-25T16:55+00:00,500104009,士林區,YouBike2.0_臺北市立大學(天母校區),25.11356,121.53718,48,29,19,1,2025-05-26 00:54:29
2025-05-25T16:55+00:00,500104010,士林區,YouBike2.0_忠誠路二段53巷,25.11127,121.53244,37,2,35,1,2025-05-26 00:54:29
2025-05-25T16:55+00:00,500104012,士林區,YouBike2.0_天母棒球場,25.11341,121.53195,26,9,17,1,2025-05-26 00:54:29
2025-05-25T16:55+00:00,500104013,士林區,YouBike2.0_天母北天玉街口,25.12011,121.52652,15,3,11,1,2025-05-26 00:54:29
2025-05-25T16:55+00:00,500104014,士林區,YouBike2.0_蘭興公園,25.11184,121.52589,56,42,13,1,2025-05-26 00:54:29
2025-05-25T16:55+00:00,500104015,士林區,YouBike2.0_明勝公園,25.08009,121.51895,14,7,4,1,2025-05-26 00:54:29
2025-05-25T16:55+00:00,500104016,士林區,YouBike2.0_劍潭海外青年活動中心,25.07994,121.52426,23,2,21,1,2025-05-26 00:54:29
2025-05-25T16:55+00:00,500104018,士林區,YouBike2.0_忠誠路一段173巷口,25.10813,121.5304,11,2,8,1,2025-05-26 00:54:29
2025-05-25T16:55+00:00,500104019,士林區,YouBike2.0_雨農國小,25.1054,121.5295,21,12,4,1,2025-05-26 00:54:29
2025-05-25T16:55+00:00,500104020,士林區,YouBike2.0_忠誠公園,25.10399,121.52593,25,4,20,1,2025-05-26 00:54:29
2025-05-25T16:55+00:00,500104021,士林區,YouBike2.0_芝山抽水站,25.10155,121.52832,41,22,11,1,2025-05-26 00:54:29
2025-05-25T16:55+00:00,500104022,士林區,YouBike2.0_至誠路一段305巷口,25.10186,121.53083,21,18,3,1,2025-05-26 00:54:29
2025-05-25T16:55+00:00,500104023,士林區,YouBike2.0_華齡公園,25.08302,121.52069,32,19,12,1,2025-05-26 00:54:29
2025-05-25T16:55+00:00,500104024,士林區,YouBike2.0_前港公園(福德宮),25.08671,121.52096,18,8,10,1,2025-05-26 00:54:29
2025-05-25T16:55+00:00,500104025,士林區,YouBike2.0_華齡街185巷口,25.08828,121.51985,12,6,2,1,2025-05-26 00:54:29
2025-05-25T16:55+00:00,500104026,士林區,YouBike2.0_前港公園(前港街),25.0848,121.52125,27,5,21,1,2025-05-26 00:54:29
2025-05-25T16:55+00:00,500104027,士林區,YouBike2.0_百齡高中,25.08736,121.52272,27,2,25,1,2025-05-26 00:54:29
2025-05-25T16:55+00:00,500104028,士林區,YouBike2.0_捷運芝山站(2號出口),25.10364,121.52219,21,0,21,1,2025-05-26 00:54:29
2025-05-25T16:55+00:00,500104029,士林區,YouBike2.0_臺灣戲曲中心,25.10208,121.51979,25,3,22,1,2025-05-26 00:54:29
2025-05-25T16:55+00:00,500104030,士林區,YouBike2.0_捷運劍潭站(2號出口),25.08388,121.52535,49,1,48,1,2025-05-26 00:54:29
2025-05-25T16:55+00:00,500104031,士林區,YouBike2.0_劍潭基河路口,25.08403,121.5249,66,0,63,1,2025-05-26 00:54:29
2025-05-25T16:55+00:00,500104032,士林區,YouBike2.0_志成公園,25.09667,121.53206,23,0,23,0,2025-05-26 00:54:29
2025-05-25T16:55+00:00,500104033,士林區,YouBike2.0_福林國小,25.09896,121.53025,14,10,4,1,2025-05-26 00:54:29
2025-05-25T16:55+00:00,500104034,士林區,YouBike2.0_中山中正路口,25.09651,121.52753,19,6,13,1,2025-05-26 00:54:29
2025-05-25T16:55+00:00,500104035,士林區,YouBike2.0_士林運動中心,25.08911,121.52154,30,14,16,1,2025-05-26 00:54:29
2025-05-25T16:55+00:00,500104036,士林區,YouBike2.0_陽明高中,25.09164,121.51706,36,13,23,1,2025-05-26 00:54:29
2025-05-25T16:55+00:00,500104037,士林區,YouBike2.0_兒童新樂園,25.09631,121.51449,23,2,21,1,2025-05-26 00:54:29
2025-05-25T16:55+00:00,500104038,士林區,YouBike2.0_臺北市立天文館,25.09598,121.51776,50,9,41,1,2025-05-26 00:54:29
2025-05-25T16:55+00:00,500104039,士林區,YouBike2.0_華聲公園,25.09619,121.5223,35,19,12,1,2025-05-26 00:54:29
2025-05-25T16:55+00:00,500104040,士林區,YouBike2.0_福林公園,25.09419,121.52833,25,3,21,1,2025-05-26 00:54:29
2025-05-25T16:55+00:00,500104041,士林區,YouBike2.0_捷運士林站(2號出口),25.09343,121.52642,30,0,0,0,2025-05-26 00:54:29
2025-05-25T16:55+00:00,500104042,士林區,YouBike2.0_銘傳大學,25.08771,121.52677,26,13,13,1,2025-05-26 00:54:29
2025-05-25T16:55+00:00,500104043,士林區,YouBike2.0_士林高商,25.09435,121.51702,26,12,14,1,2025-05-26 00:54:29
2025-05-25T16:55+00:00,500104044,士林區,YouBike2.0_蘭雅公園,25.10991,121.53039,38,14,24,1,2025-05-26 00:54:29
2025-05-25T16:55+00:00,500104045,士林區,YouBike2.0_聯合醫院陽明院區,25.10455,121.53195,25,7,18,1,2025-05-26 00:54:29
2025-05-25T16:55+00:00,500104046,士林區,YouBike2.0_捷運芝山站(1號出口),25.10225,121.52286,35,2,33,1,2025-05-26 00:54:29
2025-05-25T16:55+00:00,500104047,士林區,YouBike2.0_至誠公園,25.10143,121.53585,20,14,6,1,2025-05-26 00:54:29
2025-05-25T16:55+00:00,500104048,士林區,YouBike2.0_原住民文化主題公園,25.10113,121.55159,21,10,11,1,2025-05-26 00:54:29
2025-05-25T16:55+00:00,500104049,士林區,YouBike2.0_通河東街2段10巷口,25.09106,121.51502,15,13,2,1,2025-05-26 00:54:29
2025-05-25T16:55+00:00,500104050,士林區,YouBike2.0_梅林新村,25.09755,121.54036,25,16,9,1,2025-05-26 00:54:29
2025-05-25T16:55+00:00,500104051,士林區,YouBike2.0_延平北中正路口,25.08678,121.50948,30,20,10,1,2025-05-26 00:54:29
2025-05-25T16:55+00:00,500104052,士林區,YouBike2.0_重慶北路四段190巷口,25.08505,121.51166,13,7,5,1,2025-05-26 00:54:29
2025-05-25T16:55+00:00,500104053,士林區,YouBike2.0_重慶北葫東街口,25.08393,121.51169,15,7,8,1,2025-05-26 00:54:29
2025-05-25T16:55+00:00,500104054,士林區,YouBike2.0_葫蘆國小,25.08254,121.5075,30,19,10,1,2025-05-26 00:54:29
2025-05-25T16:55+00:00,500104055,士林區,YouBike2.0_士林3號廣場,25.10459,121.52417,38,1,37,1,2025-05-26 00:54:29
2025-05-25T16:55+00:00,500104056,士林區,YouBike2.0_社正公園,25.08824,121.51054,15,5,10,1,2025-05-26 00:54:29
2025-05-25T16:55+00:00,500104057,士林區,YouBike2.0_社子國小,25.09058,121.50142,15,0,15,0,2025-05-26 00:54:29
2025-05-25T16:55+00:00,500104058,士林區,YouBike2.0_社中街384巷口,25.09346,121.50376,24,16,7,1,2025-05-26 00:54:29
2025-05-25T16:55+00:00,500104059,士林區,YouBike2.0_忠誠路一段138號,25.10641,121.52944,15,5,8,1,2025-05-26 00:54:29
2025-05-25T16:55+00:00,500104060,士林區,YouBike2.0_社子公園,25.0902,121.50622,31,16,14,1,2025-05-26 00:54:29
2025-05-25T16:55+00:00,500104061,士林區,YouBike2.0_國立故宮博物院,25.09833,121.54788,17,12,5,1,2025-05-26 00:54:29
2025-05-25T16:55+00:00,500104062,士林區,YouBike2.0_泰北高中,25.09763,121.53402,23,8,14,1,2025-05-26 00:54:29
2025-05-25T16:55+00:00,500104063,士林區,YouBike2.0_後港公園,25.09312,121.51419,15,7,8,1,2025-05-26 00:54:29
2025-05-25T16:55+00:00,500104064,士林區,YouBike2.0_重慶北路四段117號,25.08279,121.51219,24,16,8,1,2025-05-26 00:54:29
2025-05-25T16:55+00:00,500104065,士林區,YouBike2.0_社子島島頭公園,25.10893,121.46639,22,5,16,1,2025-05-26 00:54:29
2025-05-25T16:55+00:00,500104066,士林區,YouBike2.0_延平北路八段133巷口,25.10304,121.48297,22,6,14,1,2025-05-26 00:54:29
2025-05-25T16:55+00:00,500104067,士林區,YouBike2.0_坤天亭,25.1064,121.4836,14,5,9,1,2025-05-26 00:54:29
2025-05-25T16:55+00:00,500104068,士林區,YouBike2.0_社子島濕地解說小築,25.11314,121.48974,15,7,8,1,2025-05-26 00:54:29
2025-05-25T16:55+00:00,500104069,士林區,YouBike2.0_福安國中,25.10261,121.48819,25,14,11,1,2025-05-26 00:54:29
2025-05-25T16:55+00:00,500104070,士林區,YouBike2.0_福安消防分隊,25.09669,121.49706,20,8,11,1,2025-05-26 00:54:29
2025-05-25T16:55+00:00,500104071,士林區,YouBike2.0_聖山綠地,25.10696,121.53234,15,11,1,1,2025-05-26 00:54:29
2025-05-25T16:55+00:00,500104072,士林區,YouBike2.0_芝山國小,25.11044,121.53595,38,36,2,1,2025-05-26 00:54:29
2025-05-25T16:55+00:00,500104073,士林區,YouBike2.0_士林新天地,25.08899,121.51751,29,25,4,1,2025-05-26 00:54:29
2025-05-25T16:55+00:00,500104074,士林區,YouBike2.0_蘭雅國小,25.10775,121.52312,30,25,5,1,2025-05-26 00:54:29
2025-05-25T16:55+00:00,500104075,士林區,YouBike2.0_中正基河路口,25.0933,121.51962,37,17,20,1,2025-05-26 00:54:29
2025-05-25T16:55+00:00,500104076,士林區,YouBike2.0_福林公園(中正路),25.09609,121.53006,45,2,43,1,2025-05-26 00:54:29
2025-05-25T16:55+00:00,500104077,士林區,YouBike2.0_至善臨溪路口,25.09709,121.54229,48,21,27,1,2025-05-26 00:54:29
2025-05-25T16:55+00:00,500104078,士林區,YouBike2.0_市立圖書館葫蘆堵分館,25.08217,121.51074,13,8,5,1,2025-05-26 00:54:29
2025-05-25T16:55+00:00,500104079,士林區,YouBike2.0_東山路110巷口,25.11306,121.53945,16,4,4,1,2025-05-26 00:54:29
2025-05-25T16:55+00:00,500104080,士林區,YouBike2.0_永平社會住宅,25.08887,121.50314,15,6,9,1,2025-05-26 00:54:29
2025-05-25T16:55+00:00,500104081,士林區,YouBike2.0_雨農橋,25.10012,121.53253,16,13,2,1,2025-05-26 00:54:29
2025-05-25T16:55+00:00,500104082,士林區,YouBike2.0_通河街76巷/承德路四段10巷口,25.08019,121.5202,14,3,6,1,2025-05-26 00:54:29
2025-05-25T16:55+00:00,500104083,士林區,YouBike2.0_芝山聖佑宮,25.10455,121.53025,25,15,10,1,2025-05-26 00:54:29
2025-05-25T16:55+00:00,500104084,士林區,YouBike2.0_至誠雨聲街口,25.10199,121.52927,9,7,1,1,2025-05-26 00:54:29
2025-05-25T16:55+00:00,500104085,士林區,YouBike2.0_捷運線型公園(後街),25.09812,121.52449,28,7,13,1,2025-05-26 00:54:29
2025-05-25T16:55+00:00,500104086,士林區,YouBike2.0_天母公園,25.12408,121.53003,12,2,10,1,2025-05-26 00:54:29
2025-05-25T16:55+00:00,500104087,士林區,YouBike2.0_基河文林路口,25.08637,121.5247,50,0,49,1,2025-05-26 00:54:29
2025-05-25T16:55+00:00,500104088,士林區,YouBike2.0_文林福華路口,25.10094,121.52243,19,5,14,1,2025-05-26 00:54:29
2025-05-25T16:55+00:00,500104089,士林區,YouBike2.0_劍潭海外青年活動中心_1,25.0796,121.5237,39,12,27,1,2025-05-26 00:54:29
2025-05-25T16:55+00:00,500104090,士林區,YouBike2.0_社子國小_1,25.09029,121.50189,50,19,30,1,2025-05-26 00:54:29
2025-05-25T16:55+00:00,500104091,士林區,YouBike2.0_捷運劍潭站(1號出口),25.08577,121.52531,70,0,68,1,2025-05-26 00:54:29
2025-05-25T16:55+00:00,500104092,士林區,YouBike2.0_德行東山路口,25.1107,121.53999,12,4,4,1,2025-05-26 00:54:29
2025-05-25T16:55+00:00,500104094,士林區,YouBike2.0_重慶北通河西街口,25.08756,121.51177,12,10,2,1,2025-05-26 00:54:29
2025-05-25T16:55+00:00,500104095,士林區,YouBike2.0_葫蘆國小(延平北路五段285巷),25.08406,121.5067,25,13,12,1,2025-05-26 00:54:29
2025-05-25T16:55+00:00,500104096,士林區,YouBike2.0_社子市場,25.0881,121.50873,15,7,8,1,2025-05-26 00:54:29
2025-05-25T16:55+00:00,500104097,士林區,YouBike2.0_士林區農會社子分部,25.08912,121.5049,8,4,4,1,2025-05-26 00:54:29
2025-05-25T16:55+00:00,500104098,士林區,YouBike2.0_承德劍潭路口,25.0841,121.52341,19,0,19,1,2025-05-26 00:54:29
2025-05-25T16:55+00:00,500104099,士林區,YouBike2.0_文林路101巷口,25.08761,121.52608,17,5,11,1,2025-05-26 00:54:29
2025-05-25T16:55+00:00,500104100,士林區,YouBike2.0_延平北路五段257巷15弄口,25.08408,121.50959,11,5,6,1,2025-05-26 00:54:29
2025-05-25T16:55+00:00,500104101,士林區,YouBike2.0_延平北路五段257巷4弄口,25.08471,121.5089,15,9,6,1,2025-05-26 00:54:29
2025-05-25T16:55+00:00,500104102,士林區,YouBike2.0_啟明學校,25.11742,121.53472,16,10,6,1,2025-05-26 00:54:29
2025-05-25T16:55+00:00,500104103,士林區,YouBike2.0_中山福國路口,25.10203,121.52561,14,6,8,1,2025-05-26 00:54:29
2025-05-25T16:55+00:00,500104104,士林區,YouBike2.0_德行公園,25.10585,121.52376,14,1,13,1,2025-05-26 00:54:29
2025-05-25T16:55+00:00,500104105,士林區,YouBike2.0_承德後港街口,25.08238,121.52309,20,2,18,1,2025-05-26 00:54:29
2025-05-25T16:55+00:00,500104106,士林區,YouBike2.0_中山北路五段698巷口,25.09765,121.52757,15,8,7,1,2025-05-26 00:54:29
2025-05-25T16:55+00:00,500104107,士林區,YouBike2.0_捷運士林站(1號出口),25.09561,121.52552,38,9,29,1,2025-05-26 00:54:29
2025-05-25T16:55+00:00,500104108,士林區,YouBike2.0_捷運芝山站(2號出口)_1,25.10336,121.52263,62,0,59,1,2025-05-26 00:54:29
2025-05-25T16:55+00:00,500104109,士林區,YouBike2.0_銘傳大學(中山北路五段280巷口),25.08762,121.52711,23,6,17,1,2025-05-26 00:54:29
2025-05-25T16:55+00:00,500104110,士林區,YouBike2.0_海光公園南側,25.08036,121.5084,12,9,3,1,2025-05-26 00:54:29
2025-05-25T16:55+00:00,500104111,士林區,YouBike2.0_士商路40巷口,25.09013,121.52054,15,6,5,1,2025-05-26 00:54:29
2025-05-25T16:55+00:00,500104112,士林區,YouBike2.0_劍潭郵局,25.08182,121.52431,32,0,32,1,2025-05-26 00:54:29
2025-05-25T16:55+00:00,500104113,士林區,YouBike2.0_士東路91巷口,25.11247,121.52914,16,8,7,1,2025-05-26 00:54:29
2025-05-25T16:55+00:00,500104114,士林區,YouBike2.0_美崙公園,25.09677,121.51931,22,6,16,1,2025-05-26 00:54:29
2025-05-25T16:55+00:00,500104115,士林區,YouBike2.0_臺北市立大學(忠誠路二段207巷),25.11642,121.53743,17,10,7,1,2025-05-26 00:54:29
2025-05-25T16:55+00:00,500104116,士林區,YouBike2.0_天母東路8巷/忠誠路二段154巷口,25.11579,121.53113,14,9,2,1,2025-05-26 00:54:29
2025-05-25T16:55+00:00,500104117,士林區,YouBike2.0_美崙公園(東北側),25.09886,121.51835,25,20,5,1,2025-05-26 00:54:29
2025-05-25T16:55+00:00,500104118,士林區,YouBike2.0_福安河濱公園,25.09646,121.49358,14,4,9,1,2025-05-26 00:54:29
2025-05-25T16:55+00:00,500104119,士林區,YouBike2.0_忠誠忠義街口(北側),25.10566,121.52922,13,10,3,1,2025-05-26 00:54:29
2025-05-25T16:55+00:00,500104120,士林區,YouBike2.0_忠誠忠義街口(南側),25.10519,121.52869,14,10,2,1,2025-05-26 00:54:29
2025-05-25T16:55+00:00,500104121,士林區,YouBike2.0_士林國小,25.09204,121.52472,15,9,6,1,2025-05-26 00:54:29
2025-05-25T16:55+00:00,500104122,士林區,YouBike2.0_雙溪濕地公園,25.09762,121.51321,15,4,11,1,2025-05-26 00:54:29
2025-05-25T16:55+00:00,500104123,士林區,YouBike2.0_劍潭海外青年活動中心(志清大樓),25.07793,121.52357,30,25,5,1,2025-05-26 00:54:29
2025-05-25T16:55+00:00,500104124,士林區,YouBike2.0_天和一號公園,25.11836,121.53466,15,12,2,1,2025-05-26 00:54:29
2025-05-25T16:55+00:00,500104125,士林區,YouBike2.0_忠誠路二段178巷口,25.11633,121.53295,15,11,4,1,2025-05-26 00:54:29
2025-05-25T16:55+00:00,500104126,士林區,YouBike2.0_克強磺溪街口,25.10893,121.52319,14,9,5,1,2025-05-26 00:54:29
2025-05-25T16:55+00:00,500104128,士林區,YouBike2.0_蘭雅公園(西側),25.10985,121.52859,15,8,4,1,2025-05-26 00:54:29
2025-05-25T16:55+00:00,500104129,士林區,YouBike2.0_福林路100巷77弄口,25.09441,121.53285,18,11,7,1,2025-05-26 00:54:29
2025-05-25T16:55+00:00,500104130,士林區,YouBike2.0_福林路100巷11弄口,25.09601,121.53262,15,12,3,1,2025-05-26 00:54:29
2025-05-25T16:55+00:00,500104131,士林區,YouBike2.0_重慶北路四段190巷口(通河西街側),25.0848,121.51253,15,8,7,1,2025-05-26 00:54:29
2025-05-25T16:55+00:00,500104132,士林區,YouBike2.0_承德區民活動中心,25.07892,121.52157,25,21,3,1,2025-05-26 00:54:29
2025-05-25T16:55+00:00,500104133,士林區,YouBike2.0_福林路255巷口,25.09854,121.53528,18,11,6,1,2025-05-26 00:54:29
2025-05-25T16:55+00:00,500104134,士林區,YouBike2.0_中山北路五段378巷口,25.09064,121.52765,27,7,20,1,2025-05-26 00:54:29
2025-05-25T16:55+00:00,500104135,士林區,YouBike2.0_中山北路六段405巷,25.11576,121.52693,21,11,10,1,2025-05-26 00:54:29
2025-05-25T16:55+00:00,500104136,士林區,YouBike2.0_圓山育樂中心,25.08248,121.52548,22,9,13,1,2025-05-26 00:54:29
2025-05-25T16:55+00:00,500104137,士林區,YouBike2.0_至善公園,25.09862,121.53749,25,8,17,1,2025-05-26 00:54:29
2025-05-25T16:55+00:00,500104138,士林區,YouBike2.0_社子島抽水站,25.10844,121.49552,15,7,8,1,2025-05-26 00:54:29
2025-05-25T16:55+00:00,500104139,士林區,YouBike2.0_中山北路六段427巷口,25.11383,121.52698,10,10,0,1,2025-05-26 00:54:29
2025-05-25T16:55+00:00,500104140,士林區,YouBike2.0_士林分局,25.09033,121.52687,24,11,13,1,2025-05-26 00:54:29
2025-05-25T16:55+00:00,500105001,文山區,YouBike2.0_台北花木批發市場,25.00402,121.54074,40,22,18,1,2025-05-26 00:54:29
2025-05-25T16:55+00:00,500105002,文山區,YouBike2.0_捷運萬隆站(4號出口),25.0027,121.53861,22,6,16,1,2025-05-26 00:54:29
2025-05-25T16:55+00:00,500105003,文山區,YouBike2.0_捷運萬隆站(1號出口),25.00115,121.53916,34,14,20,1,2025-05-26 00:54:29
2025-05-25T16:55+00:00,500105004,文山區,YouBike2.0_萬和二號公園,25.00154,121.5364,35,21,8,1,2025-05-26 00:54:29
2025-05-25T16:55+00:00,500105005,文山區,YouBike2.0_捷運萬隆站(2號出口),25.00144,121.53983,18,6,12,1,2025-05-26 00:54:29
2025-05-25T16:55+00:00,500105006,文山區,YouBike2.0_景仁公園,24.99621,121.54043,16,10,6,1,2025-05-26 00:54:29
2025-05-25T16:55+00:00,500105007,文山區,YouBike2.0_捷運景美站(2號出口),24.99366,121.54124,63,16,47,1,2025-05-26 00:54:29
2025-05-25T16:55+00:00,500105008,文山區,YouBike2.0_羅斯福景隆街口,24.99898,121.5403,50,37,13,1,2025-05-26 00:54:29
2025-05-25T16:55+00:00,500105009,文山區,YouBike2.0_景福街/羅斯福路6段142巷口,24.998336212959,121.53686287812,28,18,9,1,2025-05-26 00:54:29
2025-05-25T16:55+00:00,500105010,文山區,YouBike2.0_興旺公園,25.00587,121.55012,30,24,6,1,2025-05-26 00:54:29
2025-05-25T16:55+00:00,500105011,文山區,YouBike2.0_興福國中,25.00465,121.54916,25,21,3,1,2025-05-26 00:54:29
2025-05-25T16:55+00:00,500105012,文山區,YouBike2.0_興隆路2段203巷,25.00346,121.54709,32,19,6,1,2025-05-26 00:54:29
2025-05-25T16:55+00:00,500105013,文山區,YouBike2.0_景美運動公園,25.00219,121.54454,26,18,8,1,2025-05-26 00:54:29
2025-05-25T16:55+00:00,500105014,文山區,YouBike2.0_景美醫院,24.99136,121.54008,18,3,15,1,2025-05-26 00:54:29
2025-05-25T16:55+00:00,500105015,文山區,YouBike2.0_師範大學公館校區,25.00792,121.53731,14,6,8,1,2025-05-26 00:54:29
2025-05-25T16:55+00:00,500105016,文山區,YouBike2.0_景華街128巷口,24.99543,121.54725,29,12,16,1,2025-05-26 00:54:29
2025-05-25T16:55+00:00,500105017,文山區,YouBike2.0_仙跡岩登山口(景興路),24.99118,121.5436,22,12,9,1,2025-05-26 00:54:29
2025-05-25T16:55+00:00,500105018,文山區,YouBike2.0_國立政治大學,24.98737,121.57726,62,21,40,1,2025-05-26 00:54:29
2025-05-25T16:55+00:00,500105019,文山區,YouBike2.0_捷運動物園站,24.99873,121.57985,57,0,56,1,2025-05-26 00:54:29
2025-05-25T16:55+00:00,500105020,文山區,YouBike2.0_捷運木柵站,24.99798,121.57455,31,1,29,1,2025-05-26 00:54:29
2025-05-25T16:55+00:00,500105021,文山區,YouBike2.0_捷運萬芳社區站,24.99886,121.56769,48,13,35,1,2025-05-26 00:54:29
2025-05-25T16:55+00:00,500105022,文山區,YouBike2.0_文山運動中心,24.99676,121.5596,36,31,5,1,2025-05-26 00:54:29
2025-05-25T16:55+00:00,500105023,文山區,YouBike2.0_捷運辛亥站,25.00467,121.55684,42,0,42,1,2025-05-26 00:54:29
2025-05-25T16:55+00:00,500105024,文山區,YouBike2.0_興豐公園,24.99982,121.54761,25,16,8,1,2025-05-26 00:54:29
2025-05-25T16:55+00:00,500105025,文山區,YouBike2.0_木柵光輝路口,24.98816,121.55528,33,12,21,1,2025-05-26 00:54:29
2025-05-25T16:55+00:00,500105026,文山區,YouBike2.0_考試院,24.98747,121.54984,39,27,12,1,2025-05-26 00:54:29
2025-05-25T16:55+00:00,500105027,文山區,YouBike2.0_和興路26巷口,24.98573,121.54532,39,27,12,1,2025-05-26 00:54:29
2025-05-25T16:55+00:00,500105028,文山區,YouBike2.0_世新大學,24.98859,121.54336,30,10,20,1,2025-05-26 00:54:29
2025-05-25T16:55+00:00,500105029,文山區,YouBike2.0_一壽橋,24.97837,121.55548,28,23,4,1,2025-05-26 00:54:29
2025-05-25T16:55+00:00,500105030,文山區,YouBike2.0_臺北市立景美女中,24.98058,121.55624,25,24,1,1,2025-05-26 00:54:29
2025-05-25T16:55+00:00,500105031,文山區,YouBike2.0_永安藝文館_表演36房,24.98414,121.56907,29,29,0,1,2025-05-26 00:54:29
2025-05-25T16:55+00:00,500105032,文山區,YouBike2.0_忠順區民活動中心,24.98471,121.56332,31,24,7,1,2025-05-26 00:54:29
2025-05-25T16:55+00:00,500105033,文山區,YouBike2.0_景文中學,24.98574,121.56745,36,5,31,1,2025-05-26 00:54:29
2025-05-25T16:55+00:00,500105034,文山區,YouBike2.0_老泉街籃球場,24.97619,121.5583,20,15,5,1,2025-05-26 00:54:29
2025-05-25T16:55+00:00,500105035,文山區,YouBike2.0_文山行政中心,24.98959,121.56959,27,19,8,1,2025-05-26 00:54:29
2025-05-25T16:55+00:00,500105036,文山區,YouBike2.0_木柵公園,24.98718,121.56059,38,20,17,1,2025-05-26 00:54:29
2025-05-25T16:55+00:00,500105037,文山區,YouBike2.0_興隆公共住宅D2區,24.98814,121.56356,27,17,10,1,2025-05-26 00:54:29
2025-05-25T16:55+00:00,500105038,文山區,YouBike2.0_木新路3段95巷口,24.98088,121.56313,24,18,2,1,2025-05-26 00:54:29
2025-05-25T16:55+00:00,500105039,文山區,YouBike2.0_樟腳里公園,24.98181,121.56567,15,14,0,1,2025-05-26 00:54:29
2025-05-25T16:55+00:00,500105040,文山區,YouBike2.0_實踐國中,24.98301,121.55404,13,8,4,1,2025-05-26 00:54:29
2025-05-25T16:55+00:00,500105041,文山區,YouBike2.0_指南路3段2巷,24.98537,121.57959,13,13,0,1,2025-05-26 00:54:29
2025-05-25T16:55+00:00,500105042,文山區,YouBike2.0_萊茵公園,24.98642,121.56514,21,5,16,1,2025-05-26 00:54:29
2025-05-25T16:55+00:00,500105043,文山區,YouBike2.0_木柵社會住宅,24.98935,121.56651,12,12,0,1,2025-05-26 00:54:29
2025-05-25T16:55+00:00,500105044,文山區,YouBike2.0_秀明路一段185巷口,24.99151,121.56836,20,13,7,1,2025-05-26 00:54:29
2025-05-25T16:55+00:00,500105045,文山區,YouBike2.0_秀明路一段129巷口,24.99111,121.56703,22,16,6,1,2025-05-26 00:54:29
2025-05-25T16:55+00:00,500105046,文山區,YouBike2.0_恆光橋(老泉街),24.97989,121.56753,13,5,8,1,2025-05-26 00:54:29
2025-05-25T16:55+00:00,500105047,文山區,YouBike2.0_萬有3號公園,24.99889,121.5433,14,4,10,1,2025-05-26 00:54:29
2025-05-25T16:55+00:00,500105048,文山區,YouBike2.0_捷運萬芳醫院站(興隆路三段115巷),24.99939,121.55848,20,11,9,1,2025-05-26 00:54:29
2025-05-25T16:55+00:00,500105049,文山區,YouBike2.0_興得閱覽室,24.99579,121.55498,24,19,0,1,2025-05-26 00:54:29
2025-05-25T16:55+00:00,500105050,文山區,YouBike2.0_辛亥生態公園,25.00348,121.55642,23,1,22,1,2025-05-26 00:54:29
2025-05-25T16:55+00:00,500105051,文山區,YouBike2.0_博嘉運動公園,25.00079,121.57534,12,3,9,1,2025-05-26 00:54:29
2025-05-25T16:55+00:00,500105053,文山區,YouBike2.0_仙岩公園,24.99797,121.54982,20,14,6,1,2025-05-26 00:54:29
2025-05-25T16:55+00:00,500105054,文山區,YouBike2.0_政大一街口,24.98543,121.58006,14,11,3,1,2025-05-26 00:54:29
2025-05-25T16:55+00:00,500105055,文山區,YouBike2.0_文山第二行政中心,25.00115,121.55142,38,23,12,1,2025-05-26 00:54:29
2025-05-25T16:55+00:00,500105056,文山區,YouBike2.0_移民署訓練中心,24.99271,121.55865,13,12,0,1,2025-05-26 00:54:29
2025-05-25T16:55+00:00,500105057,文山區,YouBike2.0_海巡署(南側),24.99472,121.55949,10,10,0,1,2025-05-26 00:54:29
2025-05-25T16:55+00:00,500105058,文山區,YouBike2.0_明道國小東南側,24.98695,121.56456,28,5,23,1,2025-05-26 00:54:29
2025-05-25T16:55+00:00,500105059,文山區,YouBike2.0_木南公園,24.98662,121.57071,17,7,9,1,2025-05-26 00:54:29
2025-05-25T16:55+00:00,500105060,文山區,YouBike2.0_實踐國中(木新路三段310巷口),24.98339,121.55645,17,16,1,1,2025-05-26 00:54:29
2025-05-25T16:55+00:00,500105061,文山區,YouBike2.0_師範大學公館校區_1,25.00753,121.53719,34,27,7,1,2025-05-26 00:54:29
2025-05-25T16:55+00:00,500105062,文山區,YouBike2.0_捷運動物園站(2號出口),24.99766,121.57875,39,0,39,0,2025-05-26 00:54:29
2025-05-25T16:55+00:00,500105063,文山區,YouBike2.0_政大水岸電梯,24.982,121.5717,10,9,1,1,2025-05-26 00:54:29
2025-05-25T16:55+00:00,500105064,文山區,YouBike2.0_敦南山林,25.00264,121.5768,14,5,9,1,2025-05-26 00:54:29
2025-05-25T16:55+00:00,500105066,文山區,YouBike2.0_景美污水抽水站,25.01076,121.53637,15,14,1,1,2025-05-26 00:54:29
2025-05-25T16:55+00:00,500105067,文山區,YouBike2.0_萬和三號公園(北側),25.00345,121.53636,13,6,7,1,2025-05-26 00:54:29
2025-05-25T16:55+00:00,500105068,文山區,YouBike2.0_景興國中,24.99609,121.54284,10,1,9,1,2025-05-26 00:54:29
2025-05-25T16:55+00:00,500105069,文山區,YouBike2.0_景仁公園_1,24.9966,121.5403,30,19,11,1,2025-05-26 00:54:29
2025-05-25T16:55+00:00,500105070,文山區,YouBike2.0_師大公館校區學二舍,25.00825,121.53419,40,27,13,1,2025-05-26 00:54:29
2025-05-25T16:55+00:00,500105071,文山區,YouBike2.0_景行公園,24.99279,121.54255,15,0,15,1,2025-05-26 00:54:29
2025-05-25T16:55+00:00,500105072,文山區,YouBike2.0_萬興國小,24.98939,121.57682,25,18,7,1,2025-05-26 00:54:29
2025-05-25T16:55+00:00,500105073,文山區,YouBike2.0_辛亥路四段77巷口,25.00743,121.55877,14,5,9,1,2025-05-26 00:54:29
2025-05-25T16:55+00:00,500105074,文山區,YouBike2.0_景興路42巷口,24.99696,121.54454,12,5,7,1,2025-05-26 00:54:29
2025-05-25T16:55+00:00,500105075,文山區,YouBike2.0_木柵路三段48巷,24.98768,121.56565,15,12,2,1,2025-05-26 00:54:29
2025-05-25T16:55+00:00,500105076,文山區,YouBike2.0_木柵路二段109巷,24.98944,121.56195,15,14,0,1,2025-05-26 00:54:29
2025-05-25T16:55+00:00,500105077,文山區,YouBike2.0_試院公園,24.98808,121.54723,15,9,4,1,2025-05-26 00:54:29
2025-05-25T16:55+00:00,500105079,文山區,YouBike2.0_樟樹公園,24.9825,121.55949,15,3,12,1,2025-05-26 00:54:29
2025-05-25T16:55+00:00,500105080,文山區,YouBike2.0_萬美萬安街口,25.00223,121.57039,25,9,15,1,2025-05-26 00:54:29
2025-05-25T16:55+00:00,500105081,文山區,YouBike2.0_興隆路二段203巷(敦南),25.00198,121.54856,27,21,6,1,2025-05-26 00:54:29
2025-05-25T16:55+00:00,500105082,文山區,YouBike2.0_新光秀明路口,24.99197,121.57371,15,13,2,1,2025-05-26 00:54:29
2025-05-25T16:55+00:00,500105083,文山區,YouBike2.0_光輝路134巷口,24.98532,121.55831,15,9,5,1,2025-05-26 00:54:29
2025-05-25T16:55+00:00,500105084,文山區,YouBike2.0_光輝公園,24.98655,121.5552,27,16,10,1,2025-05-26 00:54:29
2025-05-25T16:55+00:00,500105085,文山區,YouBike2.0_木新公園,24.98217,121.55782,12,10,2,1,2025-05-26 00:54:29
2025-05-25T16:55+00:00,500105086,文山區,YouBike2.0_興隆路二段275巷1弄口,25.00268,121.55277,16,1,12,1,2025-05-26 00:54:29
2025-05-25T16:55+00:00,500105087,文山區,YouBike2.0_中國科技大學,24.99925,121.55553,21,14,7,1,2025-05-26 00:54:29
2025-05-25T16:55+00:00,500105088,文山區,YouBike2.0_樟新街8巷,24.97932,121.55406,17,9,8,1,2025-05-26 00:54:29
2025-05-25T16:55+00:00,500105089,文山區,YouBike2.0_仙岩路22巷口,24.99892,121.54887,28,26,1,1,2025-05-26 00:54:29
2025-05-25T16:55+00:00,500105090,文山區,YouBike2.0_木柵萬芳路口,24.99509,121.57199,29,2,26,1,2025-05-26 00:54:29
2025-05-25T16:55+00:00,500105091,文山區,YouBike2.0_福興路78巷,25.00437,121.55048,14,12,0,1,2025-05-26 00:54:29
2025-05-25T16:55+00:00,500105092,文山區,YouBike2.0_辛亥木柵路口,24.98839,121.55238,20,10,6,1,2025-05-26 00:54:29
2025-05-25T16:55+00:00,500105093,文山區,YouBike2.0_興泰公園,25.00492,121.55582,12,2,10,1,2025-05-26 00:54:29
2025-05-25T16:55+00:00,500105094,文山區,YouBike2.0_興岩社會福利綜合大樓,25.00061,121.54941,18,14,4,1,2025-05-26 00:54:29
2025-05-25T16:55+00:00,500105095,文山區,YouBike2.0_興隆路二段22巷9弄口,24.99746,121.54543,13,6,7,1,2025-05-26 00:54:29
2025-05-25T16:55+00:00,500105096,文山區,YouBike2.0_木新路三段155巷口,24.98184,121.56125,15,3,12,1,2025-05-26 00:54:29
2025-05-25T16:55+00:00,500105097,文山區,YouBike2.0_景興路102巷口,24.99438,121.54376,14,5,7,1,2025-05-26 00:54:29
2025-05-25T16:55+00:00,500105098,文山區,YouBike2.0_景福街223巷,24.99442,121.53844,18,6,12,1,2025-05-26 00:54:29
2025-05-25T16:55+00:00,500105100,文山區,YouBike2.0_達賢圖書館,24.9884,121.57786,27,2,25,1,2025-05-26 00:54:29
2025-05-25T16:55+00:00,500105101,文山區,YouBike2.0_捷運木柵站(西側),24.9983,121.57279,26,0,26,1,2025-05-26 00:54:29
2025-05-25T16:55+00:00,500105102,文山區,YouBike2.0_世新大學(試院路),24.98981,121.54783,16,12,4,1,2025-05-26 00:54:29
2025-05-25T16:55+00:00,500105103,文山區,YouBike2.0_興隆社會住宅D1區,24.98783,121.55831,31,3,27,1,2025-05-26 00:54:29
2025-05-25T16:55+00:00,500105104,文山區,YouBike2.0_名門社區,25.00516,121.56757,18,6,12,1,2025-05-26 00:54:29
2025-05-25T16:55+00:00,500105106,文山區,YouBike2.0_政大國際會館,24.98994,121.57513,20,20,0,1,2025-05-26 00:54:29
2025-05-25T16:55+00:00,500105107,文山區,YouBike2.0_萬芳出租國宅,25.00335,121.5655,36,5,31,1,2025-05-26 00:54:29
2025-05-25T16:55+00:00,500105108,文山區,YouBike2.0_景美國小,24.9893,121.53976,25,22,3,1,2025-05-26 00:54:29
2025-05-25T16:55+00:00,500105109,文山區,YouBike2.0_景文街142巷口,24.98826,121.54065,16,1,15,1,2025-05-26 00:54:29
2025-05-25T16:55+00:00,500105110,文山區,YouBike2.0_保儀路142巷,24.98327,121.56515,22,20,2,1,2025-05-26 00:54:29
2025-05-25T16:55+00:00,500105111,文山區,YouBike2.0_和興水岸社會住宅,24.98505,121.54953,29,13,14,1,2025-05-26 00:54:29
2025-05-25T16:55+00:00,500105112,文山區,YouBike2.0_萬芳路107巷口,24.99715,121.56179,20,4,16,1,2025-05-26 00:54:29
2025-05-25T16:55+00:00,500105113,文山區,YouBike2.0_考選部國家考場,24.98703,121.54884,26,10,16,1,2025-05-26 00:54:29
2025-05-25T16:55+00:00,500105114,文山區,YouBike2.0_明道國小(明道國宅),24.98686,121.56301,26,11,15,1,2025-05-26 00:54:29
2025-05-25T16:55+00:00,500105115,文山區,YouBike2.0_興隆社會住宅A區,24.988,121.56018,30,9,21,1,2025-05-26 00:54:29
2025-05-25T16:55+00:00,500106001,中正區,YouBike2.0_臺北自來水事業處,25.013741,121.53068,20,5,15,1,2025-05-26 00:54:29
2025-05-25T16:55+00:00,500106002,中正區,YouBike2.0_汀州思源街口東南側,25.014697,121.531908,20,8,12,1,2025-05-26 00:54:29
2025-05-25T16:55+00:00,500106003,中正區,YouBike2.0_捷運公館站(1號出口),25.014529,121.534374,12,0,12,1,2025-05-26 00:54:29
2025-05-25T16:55+00:00,500106004,中正區,YouBike2.0_捷運公館站(4號出口),25.015069,121.533828,12,0,12,1,2025-05-26 00:54:29
2025-05-25T16:55+00:00,500106005,中正區,YouBike2.0_捷運古亭站(9號出口),25.02694,121.52224,24,0,24,1,2025-05-26 00:54:29
2025-05-25T16:55+00:00,500106006,中正區,YouBike2.0_捷運古亭站(2號出口),25.0255,121.52346,55,13,42,1,2025-05-26 00:54:29
2025-05-25T16:55+00:00,500106007,中正區,YouBike2.0_捷運臺電大樓站(1號出口),25.0197,121.529,34,12,22,1,2025-05-26 00:54:29
2025-05-25T16:55+00:00,500106008,中正區,YouBike2.0_客家文化主題公園,25.02069,121.52456,31,7,24,1,2025-05-26 00:54:29
2025-05-25T16:55+00:00,500106009,中正區,YouBike2.0_河堤國小,25.02277,121.52289,39,25,14,1,2025-05-26 00:54:29
2025-05-25T16:55+00:00,500106010,中正區,YouBike2.0_紀州庵,25.02092,121.52049,45,34,11,1,2025-05-26 00:54:29
2025-05-25T16:55+00:00,500106011,中正區,YouBike2.0_捷運臺電大樓站(5號出口),25.02075,121.52771,21,14,7,1,2025-05-26 00:54:29
2025-05-25T16:55+00:00,500106012,中正區,YouBike2.0_捷運臺電大樓站(4號出口),25.02102,121.52751,13,7,6,1,2025-05-26 00:54:29
2025-05-25T16:55+00:00,500106013,中正區,YouBike2.0_羅斯福三段金門街口,25.02345,121.52498,15,4,7,1,2025-05-26 00:54:29
2025-05-25T16:55+00:00,500106014,中正區,YouBike2.0_牯嶺公園,25.02338,121.51889,58,18,25,1,2025-05-26 00:54:29
2025-05-25T16:55+00:00,500106015,中正區,YouBike2.0_捷運古亭站(8號出口),25.02701,121.52164,15,0,15,1,2025-05-26 00:54:29
2025-05-25T16:55+00:00,500106016,中正區,YouBike2.0_捷運古亭站(7號出口),25.02805,121.52155,12,0,12,1,2025-05-26 00:54:29
2025-05-25T16:55+00:00,500106017,中正區,YouBike2.0_南昌公園,25.02698,121.52081,55,8,47,1,2025-05-26 00:54:29
2025-05-25T16:55+00:00,500106018,中正區,YouBike2.0_和平重慶路口,25.02723,121.51659,69,42,27,1,2025-05-26 00:54:29
2025-05-25T16:55+00:00,500106019,中正區,YouBike2.0_孫立人將軍官邸,25.02933,121.51854,23,15,8,1,2025-05-26 00:54:29
2025-05-25T16:55+00:00,500106020,中正區,YouBike2.0_羅斯福路二段6巷口,25.02923,121.52058,22,11,10,1,2025-05-26 00:54:29
2025-05-25T16:55+00:00,500106021,中正區,YouBike2.0_金華杭州南路口,25.031,121.52211,35,22,13,1,2025-05-26 00:54:29
2025-05-25T16:55+00:00,500106022,中正區,YouBike2.0_捷運中正紀念堂站(3號出口),25.03239,121.51866,36,4,32,1,2025-05-26 00:54:29
2025-05-25T16:55+00:00,500106023,中正區,YouBike2.0_捷運中正紀念堂站(4號出口),25.03376,121.51772,21,2,19,1,2025-05-26 00:54:29
2025-05-25T16:55+00:00,500106025,中正區,YouBike2.0_螢橋國小,25.02609,121.51389,41,25,13,1,2025-05-26 00:54:29
2025-05-25T16:55+00:00,500106026,中正區,YouBike2.0_古亭智慧圖書館,25.02543,121.51052,21,15,4,1,2025-05-26 00:54:29
2025-05-25T16:55+00:00,500106027,中正區,YouBike2.0_永昌公園,25.02643,121.50936,29,19,1,1,2025-05-26 00:54:29
2025-05-25T16:55+00:00,500106028,中正區,YouBike2.0_中華路二段409巷口,25.02598,121.50806,15,7,0,1,2025-05-26 00:54:29
2025-05-25T16:55+00:00,500106029,中正區,YouBike2.0_南機場夜市(中華路二段),25.02886,121.50518,41,18,18,1,2025-05-26 00:54:29
2025-05-25T16:55+00:00,500106030,中正區,YouBike2.0_南海和平路口西南側,25.03024,121.50904,19,5,14,1,2025-05-26 00:54:29
2025-05-25T16:55+00:00,500106031,中正區,YouBike2.0_莒光和平路口,25.03132,121.50745,20,1,19,1,2025-05-26 00:54:29
2025-05-25T16:55+00:00,500106037,中正區,YouBike2.0_水源路11_1號旁,25.01602,121.52565,31,18,13,1,2025-05-26 00:54:29
2025-05-25T16:55+00:00,500106038,中正區,YouBike2.0_南門國中,25.03543,121.50834,40,10,30,1,2025-05-26 00:54:29
2025-05-25T16:55+00:00,500106039,中正區,YouBike2.0_捷運小南門站(2號出口),25.03567,121.51006,24,14,9,1,2025-05-26 00:54:29
2025-05-25T16:55+00:00,500106040,中正區,YouBike2.0_介壽公園,25.03907,121.5138,35,12,22,1,2025-05-26 00:54:29
2025-05-25T16:55+00:00,500106041,中正區,YouBike2.0_中華貴陽街口,25.03938,121.50772,20,6,13,1,2025-05-26 00:54:29
2025-05-25T16:55+00:00,500106042,中正區,YouBike2.0_華山文創園區,25.04367,121.52849,39,5,34,1,2025-05-26 00:54:29
2025-05-25T16:55+00:00,500106043,中正區,YouBike2.0_捷運善導寺站(1號出口),25.04527,121.5222,46,9,35,1,2025-05-26 00:54:29
2025-05-25T16:55+00:00,500106044,中正區,YouBike2.0_濟南紹興路口,25.04193,121.52459,39,17,22,1,2025-05-26 00:54:29
2025-05-25T16:55+00:00,500106046,中正區,YouBike2.0_林森仁愛路口,25.03915,121.52163,13,4,9,1,2025-05-26 00:54:29
2025-05-25T16:55+00:00,500106047,中正區,YouBike2.0_中正運動中心,25.03786,121.51985,40,3,37,1,2025-05-26 00:54:29
2025-05-25T16:55+00:00,500106048,中正區,YouBike2.0_信義杭州路口,25.0357,121.5241,59,3,56,1,2025-05-26 00:54:29
2025-05-25T16:55+00:00,500106049,中正區,YouBike2.0_捷運善導寺站(3號出口),25.04428,121.52336,20,8,12,1,2025-05-26 00:54:29
2025-05-25T16:55+00:00,500106050,中正區,YouBike2.0_捷運小南門站(1號出口),25.03648,121.50951,46,20,26,1,2025-05-26 00:54:29
2025-05-25T16:55+00:00,500106051,中正區,YouBike2.0_延平南路133巷口,25.03792,121.50846,36,1,35,1,2025-05-26 00:54:29
2025-05-25T16:55+00:00,500106052,中正區,YouBike2.0_捷運西門站(2號出口),25.0416,121.50842,36,0,36,1,2025-05-26 00:54:29
2025-05-25T16:55+00:00,500106053,中正區,YouBike2.0_寶慶博愛路口,25.04129,121.5112,47,2,45,1,2025-05-26 00:54:29
2025-05-25T16:55+00:00,500106054,中正區,YouBike2.0_法務部,25.03705,121.51249,27,3,23,1,2025-05-26 00:54:29
2025-05-25T16:55+00:00,500106055,中正區,YouBike2.0_臺北市立大學(博愛校區),25.03545,121.51327,81,17,64,1,2025-05-26 00:54:29
2025-05-25T16:55+00:00,500106056,中正區,YouBike2.0_國家圖書館,25.03763,121.51709,36,2,34,1,2025-05-26 00:54:29
2025-05-25T16:55+00:00,500106057,中正區,YouBike2.0_市民金山路口,25.0459,121.53068,70,6,64,1,2025-05-26 00:54:29
2025-05-25T16:55+00:00,500106058,中正區,YouBike2.0_聯合醫院和平院區,25.03516,121.50641,32,6,26,1,2025-05-26 00:54:29
2025-05-25T16:55+00:00,500106059,中正區,YouBike2.0_中山堂,25.04412,121.51025,43,6,37,1,2025-05-26 00:54:29
2025-05-25T16:55+00:00,500106060,中正區,YouBike2.0_中華漢口街口,25.04533,121.50944,19,12,7,1,2025-05-26 00:54:29
2025-05-25T16:55+00:00,500106061,中正區,YouBike2.0_中華路一段21巷口,25.04677,121.50989,22,4,18,1,2025-05-26 00:54:29
2025-05-25T16:55+00:00,500106062,中正區,YouBike2.0_捷運臺大醫院站(4號出口),25.04297,121.51643,60,5,54,1,2025-05-26 00:54:29
2025-05-25T16:55+00:00,500106063,中正區,YouBike2.0_寶藏巖觀音亭,25.01027,121.5331,23,12,10,1,2025-05-26 00:54:29
2025-05-25T16:55+00:00,500106064,中正區,YouBike2.0_師大水源路口,25.0203,121.52302,28,8,16,1,2025-05-26 00:54:29
2025-05-25T16:55+00:00,500106065,中正區,YouBike2.0_中山徐州路口,25.04178,121.51907,41,3,38,1,2025-05-26 00:54:29
2025-05-25T16:55+00:00,500106066,中正區,YouBike2.0_信義連雲街口,25.03377,121.53041,39,25,14,1,2025-05-26 00:54:29
2025-05-25T16:55+00:00,500106067,中正區,YouBike2.0_臺北轉運站,25.04842,121.51994,68,6,62,1,2025-05-26 00:54:29
2025-05-25T16:55+00:00,500106068,中正區,YouBike2.0_莒光大埔街口,25.03132,121.50519,32,15,17,1,2025-05-26 00:54:29
2025-05-25T16:55+00:00,500106069,中正區,YouBike2.0_捷運忠孝新生站(2號出口),25.04235,121.53222,32,7,25,1,2025-05-26 00:54:29
2025-05-25T16:55+00:00,500106070,中正區,YouBike2.0_光華商場,25.04478,121.53274,39,8,30,1,2025-05-26 00:54:29
2025-05-25T16:55+00:00,500106071,中正區,YouBike2.0_中山青島路口,25.04503,121.51968,40,3,36,1,2025-05-26 00:54:29
2025-05-25T16:55+00:00,500106072,中正區,YouBike2.0_捷運中正紀念堂站(5號出口),25.03526,121.5168,29,3,26,1,2025-05-26 00:54:29
2025-05-25T16:55+00:00,500106073,中正區,YouBike2.0_北平東杭州北路口,25.04553,121.52736,20,1,19,1,2025-05-26 00:54:29
2025-05-25T16:55+00:00,500106074,中正區,YouBike2.0_王貫英先生紀念圖書館,25.02266,121.52362,15,4,9,1,2025-05-26 00:54:29
2025-05-25T16:55+00:00,500106075,中正區,YouBike2.0_金山信義路口,25.03443,121.52721,25,7,18,1,2025-05-26 00:54:29
2025-05-25T16:55+00:00,500106077,中正區,YouBike2.0_林森徐州路口,25.04094,121.52215,32,32,0,1,2025-05-26 00:54:29
2025-05-25T16:55+00:00,500106078,中正區,YouBike2.0_徐州杭州路口,25.04023,121.52565,30,13,17,1,2025-05-26 00:54:29
2025-05-25T16:55+00:00,500106079,中正區,YouBike2.0_捷運中正紀念堂站(6號出口),25.03615,121.5166,17,2,15,1,2025-05-26 00:54:29
2025-05-25T16:55+00:00,500106080,中正區,YouBike2.0_捷運臺北車站(M2出口),25.04821,121.51903,20,0,20,1,2025-05-26 00:54:29
2025-05-25T16:55+00:00,500106083,中正區,YouBike2.0_臺北市國父史蹟館(逸仙公園),25.04779,121.52042,31,1,30,1,2025-05-26 00:54:29
2025-05-25T16:55+00:00,500106084,中正區,YouBike2.0_捷運西門站(5號出口),25.04244,121.50864,30,9,20,1,2025-05-26 00:54:29
2025-05-25T16:55+00:00,500106085,中正區,YouBike2.0_弘道國中,25.03828,121.51524,33,8,25,1,2025-05-26 00:54:29
2025-05-25T16:55+00:00,500106086,中正區,YouBike2.0_臺北市第一女子高級中學,25.0385,121.51288,28,3,25,1,2025-05-26 00:54:29
2025-05-25T16:55+00:00,500106087,中正區,YouBike2.0_台北市替代役中心,25.01808,121.5275,15,6,9,1,2025-05-26 00:54:29
2025-05-25T16:55+00:00,500106088,中正區,YouBike2.0_紹興徐州路口,25.04051,121.52401,18,13,5,1,2025-05-26 00:54:29
2025-05-25T16:55+00:00,500106089,中正區,YouBike2.0_羅斯福寧波東街口,25.03145,121.51941,26,21,5,1,2025-05-26 00:54:29
2025-05-25T16:55+00:00,500106090,中正區,YouBike2.0_自來水園區,25.01328,121.53004,40,5,34,1,2025-05-26 00:54:29
2025-05-25T16:55+00:00,500106091,中正區,YouBike2.0_仁愛林森路口,25.03895,121.52233,31,4,27,1,2025-05-26 00:54:29
2025-05-25T16:55+00:00,500106092,中正區,YouBike2.0_捷運西門站(3號出口),25.04178,121.50869,36,0,36,1,2025-05-26 00:54:29
2025-05-25T16:55+00:00,500106093,中正區,YouBike2.0_仁愛金山路口,25.0384,121.52801,9,4,5,1,2025-05-26 00:54:29
2025-05-25T16:55+00:00,500106094,中正區,YouBike2.0_杭州南路一段101巷口,25.03746,121.52799,14,10,4,1,2025-05-26 00:54:29
2025-05-25T16:55+00:00,500106095,中正區,YouBike2.0_仁愛杭州路口,25.03846,121.52497,25,24,1,1,2025-05-26 00:54:29
2025-05-25T16:55+00:00,500106096,中正區,YouBike2.0_龍興里活動中心,25.02815,121.51108,21,17,1,1,2025-05-26 00:54:29
2025-05-25T16:55+00:00,500106097,中正區,YouBike2.0_植物園,25.0299,121.51033,29,17,10,1,2025-05-26 00:54:29
2025-05-25T16:55+00:00,500106098,中正區,YouBike2.0_郵政博物館,25.03158,121.51464,24,5,19,1,2025-05-26 00:54:29
2025-05-25T16:55+00:00,500106099,中正區,YouBike2.0_林森北平路口,25.04659,121.52377,20,6,14,1,2025-05-26 00:54:29
2025-05-25T16:55+00:00,500106100,中正區,YouBike2.0_北平紹興路口,25.04597,121.52579,39,4,35,1,2025-05-26 00:54:29
2025-05-25T16:55+00:00,500106101,中正區,YouBike2.0_天津北平路口,25.04692,121.52208,25,8,17,1,2025-05-26 00:54:29
2025-05-25T16:55+00:00,500106102,中正區,YouBike2.0_捷運忠孝新生站(1號出口),25.04272,121.53207,19,10,9,1,2025-05-26 00:54:29
2025-05-25T16:55+00:00,500106103,中正區,YouBike2.0_捷運忠孝新生站(5號出口),25.04113,121.53273,13,7,5,1,2025-05-26 00:54:29
2025-05-25T16:55+00:00,500106104,中正區,YouBike2.0_捷運臺大醫院站(1號出口),25.04074,121.51586,19,1,18,1,2025-05-26 00:54:29
2025-05-25T16:55+00:00,500106105,中正區,YouBike2.0_臺大醫院兒童醫院,25.04461,121.5188,22,1,21,1,2025-05-26 00:54:29
2025-05-25T16:55+00:00,500106106,中正區,YouBike2.0_林森濟南路口(東北側),25.0425,121.5227,26,12,14,1,2025-05-26 00:54:29
2025-05-25T16:55+00:00,500106107,中正區,YouBike2.0_仁愛紹興街口(南側),25.03837,121.52345,17,2,15,1,2025-05-26 00:54:29
2025-05-25T16:55+00:00,500106108,中正區,YouBike2.0_中華南海路口,25.02703,121.50686,15,4,4,1,2025-05-26 00:54:29
2025-05-25T16:55+00:00,500106109,中正區,YouBike2.0_立法院台北會館,25.03371,121.51068,15,4,11,1,2025-05-26 00:54:29
2025-05-25T16:55+00:00,500106110,中正區,YouBike2.0_捷運善導寺站(3號出口)(忠孝東路側),25.04467,121.52357,31,7,23,1,2025-05-26 00:54:29
2025-05-25T16:55+00:00,500106111,中正區,YouBike2.0_國家音樂廳,25.03788,121.51904,22,4,18,1,2025-05-26 00:54:29
2025-05-25T16:55+00:00,500106112,中正區,YouBike2.0_忠孝西重慶南路口,25.04724,121.51272,33,17,16,1,2025-05-26 00:54:29
2025-05-25T16:55+00:00,500106113,中正區,YouBike2.0_濟南路二段8巷口,25.04127,121.52697,14,5,9,1,2025-05-26 00:54:29
2025-05-25T16:55+00:00,500106114,中正區,YouBike2.0_仁愛金山路口(東南側),25.03811,121.52855,14,14,0,1,2025-05-26 00:54:29
2025-05-25T16:55+00:00,500106115,中正區,YouBike2.0_臺灣文學基地,25.04148,121.5287,23,21,1,1,2025-05-26 00:54:29
2025-05-25T16:55+00:00,500106116,中正區,YouBike2.0_重慶南詔安街口,25.02507,121.51645,19,15,3,1,2025-05-26 00:54:29
2025-05-25T16:55+00:00,500106117,中正區,YouBike2.0_文光公園,25.03898,121.53058,28,20,8,1,2025-05-26 00:54:29
2025-05-25T16:55+00:00,500106118,中正區,YouBike2.0_捷運中正紀念堂站(2號出口),25.03212,121.51861,12,5,7,1,2025-05-26 00:54:29
2025-05-25T16:55+00:00,500106119,中正區,YouBike2.0_螢圃里小公園,25.02484,121.51973,25,19,2,1,2025-05-26 00:54:29
2025-05-25T16:55+00:00,500106120,中正區,YouBike2.0_螢橋公園,25.02682,121.51737,29,23,6,1,2025-05-26 00:54:29
2025-05-25T16:55+00:00,500106121,中正區,YouBike2.0_泉州寧波西街口,25.02965,121.51415,49,20,27,1,2025-05-26 00:54:29
2025-05-25T16:55+00:00,500106122,中正區,YouBike2.0_和平西路二段98巷口,25.0289,121.5097,16,9,7,1,2025-05-26 00:54:29
2025-05-25T16:55+00:00,500106123,中正區,YouBike2.0_仁愛新生路口(西南側),25.03796,121.53261,18,10,8,1,2025-05-26 00:54:29
2025-05-25T16:55+00:00,500106124,中正區,YouBike2.0_幸安市場,25.04032,121.53141,15,3,11,1,2025-05-26 00:54:29
2025-05-25T16:55+00:00,500106125,中正區,YouBike2.0_龍口市場,25.0275,121.51013,14,9,0,1,2025-05-26 00:54:29
2025-05-25T16:55+00:00,500106126,中正區,YouBike2.0_捷運善導寺站(5號出口),25.04418,121.52552,31,5,26,1,2025-05-26 00:54:29
2025-05-25T16:55+00:00,500106127,中正區,YouBike2.0_青島杭州路口,25.04281,121.52629,17,13,4,1,2025-05-26 00:54:29
2025-05-25T16:55+00:00,500106128,中正區,YouBike2.0_詔安街37巷口,25.02542,121.51233,28,12,12,1,2025-05-26 00:54:29
2025-05-25T16:55+00:00,500106129,中正區,YouBike2.0_南海路112巷口,25.02757,121.50771,31,17,8,1,2025-05-26 00:54:29
2025-05-25T16:55+00:00,500106130,中正區,YouBike2.0_牯嶺街95巷,25.0255,121.52067,16,10,6,1,2025-05-26 00:54:29
2025-05-25T16:55+00:00,500106131,中正區,YouBike2.0_仁愛紹興路口(北側),25.03862,121.52385,23,13,10,1,2025-05-26 00:54:29
2025-05-25T16:55+00:00,500106132,中正區,YouBike2.0_貴陽博愛路口,25.03896,121.51093,69,9,60,1,2025-05-26 00:54:29
2025-05-25T16:55+00:00,500106133,中正區,YouBike2.0_國立臺灣博物館南門館,25.03351,121.5156,21,0,21,1,2025-05-26 00:54:29
2025-05-25T16:55+00:00,500106134,中正區,YouBike2.0_汀州路一段106巷口,25.03008,121.50768,21,14,5,1,2025-05-26 00:54:29
2025-05-25T16:55+00:00,500106135,中正區,YouBike2.0_羅斯福路四段108巷口,25.01346,121.5355,20,0,19,1,2025-05-26 00:54:29
2025-05-25T16:55+00:00,500106136,中正區,YouBike2.0_公館水岸廣場,25.01193,121.52861,27,0,27,1,2025-05-26 00:54:29
2025-05-25T16:55+00:00,500106137,中正區,YouBike2.0_捷運小南門站(3號出口),25.03532,121.51117,19,13,6,1,2025-05-26 00:54:29
2025-05-25T16:55+00:00,500106138,中正區,YouBike2.0_臨沂街停車場,25.0426,121.53006,33,8,25,1,2025-05-26 00:54:29
2025-05-25T16:55+00:00,500106141,中正區,YouBike2.0_愛國東路116巷口,25.03276,121.52135,25,6,19,1,2025-05-26 00:54:29
2025-05-25T16:55+00:00,500106142,中正區,YouBike2.0_愛國東羅斯福路口,25.03454,121.51733,24,5,19,1,2025-05-26 00:54:29
2025-05-25T16:55+00:00,500107001,中山區,YouBike2.0_通北街65巷口,25.08251,121.54004,16,7,9,1,2025-05-26 00:54:29
2025-05-25T16:55+00:00,500107002,中山區,YouBike2.0_圓山風景區,25.07805,121.5295,15,5,10,1,2025-05-26 00:54:29
2025-05-25T16:55+00:00,500107003,中山區,YouBike2.0_樂群二堤頂大道口,25.0803,121.56251,20,4,16,1,2025-05-26 00:54:29
2025-05-25T16:55+00:00,500107004,中山區,YouBike2.0_劍潭社區,25.08524,121.53748,13,9,4,1,2025-05-26 00:54:29
2025-05-25T16:55+00:00,500107005,中山區,YouBike2.0_培英公園,25.08258,121.54462,40,13,27,1,2025-05-26 00:54:29
2025-05-25T16:55+00:00,500107006,中山區,YouBike2.0_樂群二明水路口,25.08009,121.55226,20,11,9,1,2025-05-26 00:54:29
2025-05-25T16:55+00:00,500107007,中山區,YouBike2.0_北安大直街口,25.08474,121.54968,31,19,12,1,2025-05-26 00:54:29
2025-05-25T16:55+00:00,500107008,中山區,YouBike2.0_捷運劍南路站(2號出口),25.084751813542,121.555090270105,40,7,33,1,2025-05-26 00:54:29
2025-05-25T16:55+00:00,500107009,中山區,YouBike2.0_樂群二敬業三路口,25.07985,121.55609,20,11,9,1,2025-05-26 00:54:29
2025-05-25T16:55+00:00,500107010,中山區,YouBike2.0_樂群二敬業四路口,25.07976,121.55813,36,29,7,1,2025-05-26 00:54:29
2025-05-25T16:55+00:00,500107011,中山區,YouBike2.0_捷運大直站(3號出口),25.07923,121.5473,34,13,21,1,2025-05-26 00:54:29
2025-05-25T16:55+00:00,500107012,中山區,YouBike2.0_復興市民路口,25.04585,121.54375,52,17,34,1,2025-05-26 00:54:29
2025-05-25T16:55+00:00,500107013,中山區,YouBike2.0_南京遼寧街口,25.05176,121.54217,42,8,34,1,2025-05-26 00:54:29
2025-05-25T16:55+00:00,500107014,中山區,YouBike2.0_伊通長安路口,25.04833,121.53469,21,11,9,1,2025-05-26 00:54:29
2025-05-25T16:55+00:00,500107015,中山區,YouBike2.0_新生長安路口,25.04861,121.52935,30,19,11,1,2025-05-26 00:54:29
2025-05-25T16:55+00:00,500107016,中山區,YouBike2.0_市民林森路口,25.04765,121.52589,40,26,14,1,2025-05-26 00:54:29
2025-05-25T16:55+00:00,500107017,中山區,YouBike2.0_南京新生路口,25.05194,121.52766,34,14,19,1,2025-05-26 00:54:29
2025-05-25T16:55+00:00,500107018,中山區,YouBike2.0_一江公園,25.05316,121.53146,37,12,25,1,2025-05-26 00:54:29
2025-05-25T16:55+00:00,500107019,中山區,YouBike2.0_松江公園,25.05025,121.53273,37,0,0,0,2025-05-26 00:54:29
2025-05-25T16:55+00:00,500107020,中山區,YouBike2.0_新生長春路口,25.05639,121.52752,32,18,14,1,2025-05-26 00:54:29
2025-05-25T16:55+00:00,500107021,中山區,YouBike2.0_第二果菜批發市場,25.06642,121.53735,40,21,19,1,2025-05-26 00:54:29
2025-05-25T16:55+00:00,500107022,中山區,YouBike2.0_民生建國路口,25.05778,121.53692,47,10,37,1,2025-05-26 00:54:29
2025-05-25T16:55+00:00,500107023,中山區,YouBike2.0_興安華城,25.05606,121.54175,62,57,5,1,2025-05-26 00:54:29
2025-05-25T16:55+00:00,500107024,中山區,YouBike2.0_捷運中山國中站,25.06106,121.54406,61,0,60,1,2025-05-26 00:54:29
2025-05-25T16:55+00:00,500107025,中山區,YouBike2.0_龍江錦州街口,25.06045,121.54077,16,7,8,1,2025-05-26 00:54:29
2025-05-25T16:55+00:00,500107026,中山區,YouBike2.0_建國長春路口,25.05469,121.53686,16,13,3,1,2025-05-26 00:54:29
2025-05-25T16:55+00:00,500107027,中山區,YouBike2.0_南京建國路口,25.05214,121.5368,42,3,39,1,2025-05-26 00:54:29
2025-05-25T16:55+00:00,500107028,中山區,YouBike2.0_捷運松江南京站(7號出口),25.05246,121.5332,75,5,70,1,2025-05-26 00:54:29
2025-05-25T16:55+00:00,500107029,中山區,YouBike2.0_朱崙商場,25.04762,121.54043,37,19,18,1,2025-05-26 00:54:29
2025-05-25T16:55+00:00,500107030,中山區,YouBike2.0_中吉公園,25.05604,121.53166,30,23,4,1,2025-05-26 00:54:29
2025-05-25T16:55+00:00,500107031,中山區,YouBike2.0_華山公園,25.0471,121.5277,19,13,2,1,2025-05-26 00:54:29
2025-05-25T16:55+00:00,500107032,中山區,YouBike2.0_建國北路一段17巷,25.04699,121.53735,45,23,21,1,2025-05-26 00:54:29
2025-05-25T16:55+00:00,500107033,中山區,YouBike2.0_江寧公園,25.0614,121.53929,15,14,1,1,2025-05-26 00:54:29
2025-05-25T16:55+00:00,500107034,中山區,YouBike2.0_民權龍江路口,25.06225,121.54107,32,27,5,1,2025-05-26 00:54:29
2025-05-25T16:55+00:00,500107035,中山區,YouBike2.0_捷運中山國小站(2號出口),25.06246,121.52705,59,37,16,1,2025-05-26 00:54:29
2025-05-25T16:55+00:00,500107036,中山區,YouBike2.0_捷運行天宮站(3號出口),25.05992,121.5333,48,1,47,1,2025-05-26 00:54:29
2025-05-25T16:55+00:00,500107037,中山區,YouBike2.0_林森農安街口,25.06531,121.52565,23,21,2,1,2025-05-26 00:54:29
2025-05-25T16:55+00:00,500107038,中山區,YouBike2.0_捷運中山國小站(4號出口),25.06283,121.52697,20,2,18,1,2025-05-26 00:54:29
2025-05-25T16:55+00:00,500107039,中山區,YouBike2.0_農安雙城街口,25.06491,121.52449,15,13,2,1,2025-05-26 00:54:29
2025-05-25T16:55+00:00,500107040,中山區,YouBike2.0_新生德惠街口,25.06652,121.52762,35,32,3,1,2025-05-26 00:54:29
2025-05-25T16:55+00:00,500107041,中山區,YouBike2.0_民族林森路口,25.06847,121.52559,37,29,8,1,2025-05-26 00:54:29
2025-05-25T16:55+00:00,500107042,中山區,YouBike2.0_臺北市立美術館,25.06987,121.52291,24,8,16,1,2025-05-26 00:54:29
2025-05-25T16:55+00:00,500107043,中山區,YouBike2.0_中山民族路口,25.06816,121.52265,16,3,13,1,2025-05-26 00:54:29
2025-05-25T16:55+00:00,500107044,中山區,YouBike2.0_新生高架停車場(林森北路107巷口),25.04983,121.52853,14,9,5,1,2025-05-26 00:54:29
2025-05-25T16:55+00:00,500107045,中山區,YouBike2.0_南京林森路口(東南側),25.05201,121.52556,10,1,9,1,2025-05-26 00:54:29
2025-05-25T16:55+00:00,500107046,中山區,YouBike2.0_仁德公園,25.05337,121.5289,18,15,3,1,2025-05-26 00:54:29
2025-05-25T16:55+00:00,500107047,中山區,YouBike2.0_中原公園,25.05583,121.52821,15,14,1,1,2025-05-26 00:54:29
2025-05-25T16:55+00:00,500107048,中山區,YouBike2.0_下埤公園,25.06682,121.54213,24,19,1,1,2025-05-26 00:54:29
2025-05-25T16:55+00:00,500107049,中山區,YouBike2.0_五常國中,25.06505,121.54366,16,14,1,1,2025-05-26 00:54:29
2025-05-25T16:55+00:00,500107050,中山區,YouBike2.0_榮星花園,25.06424,121.54037,46,37,3,1,2025-05-26 00:54:29
2025-05-25T16:55+00:00,500107051,中山區,YouBike2.0_民權建國路口,25.06251,121.53765,50,39,10,1,2025-05-26 00:54:29
2025-05-25T16:55+00:00,500107052,中山區,YouBike2.0_松江路431巷口,25.06585,121.53338,15,9,6,1,2025-05-26 00:54:29
2025-05-25T16:55+00:00,500107053,中山區,YouBike2.0_新喜公園,25.06533,121.53177,13,11,0,1,2025-05-26 00:54:29
2025-05-25T16:55+00:00,500107054,中山區,YouBike2.0_吉林路407巷口,25.06595,121.53041,15,10,0,1,2025-05-26 00:54:29
2025-05-25T16:55+00:00,500107055,中山區,YouBike2.0_民族松江路口,25.06833,121.5328,17,12,5,1,2025-05-26 00:54:29
2025-05-25T16:55+00:00,500107056,中山區,YouBike2.0_林安泰古厝,25.07154,121.53058,36,25,9,1,2025-05-26 00:54:29
2025-05-25T16:55+00:00,500107057,中山區,YouBike2.0_中山公民會館,25.06185,121.5226,20,0,0,0,2025-05-26 00:54:29
2025-05-25T16:55+00:00,500107058,中山區,YouBike2.0_渭水八德路口,25.04573,121.53508,23,16,7,1,2025-05-26 00:54:29
2025-05-25T16:55+00:00,500107059,中山區,YouBike2.0_捷運中山站(2號出口),25.05228,121.52176,33,1,31,1,2025-05-26 00:54:29
2025-05-25T16:55+00:00,500107060,中山區,YouBike2.0_撫順公園,25.06416,121.52203,30,24,6,1,2025-05-26 00:54:29
2025-05-25T16:55+00:00,500107061,中山區,YouBike2.0_新生公園,25.06839,121.53032,29,21,8,1,2025-05-26 00:54:29
2025-05-25T16:55+00:00,500107062,中山區,YouBike2.0_捷運行天宮站(1號出口),25.05867,121.53305,49,19,30,1,2025-05-26 00:54:29
2025-05-25T16:55+00:00,500107063,中山區,YouBike2.0_林森長春路口,25.05497,121.52536,28,3,25,1,2025-05-26 00:54:29
2025-05-25T16:55+00:00,500107064,中山區,YouBike2.0_建國農安街口,25.06503,121.53678,50,35,15,1,2025-05-26 00:54:29
2025-05-25T16:55+00:00,500107065,中山區,YouBike2.0_松江路77巷口,25.04985,121.53312,10,2,8,1,2025-05-26 00:54:29
2025-05-25T16:55+00:00,500107066,中山區,YouBike2.0_建國長安路口,25.04836,121.53669,20,12,8,1,2025-05-26 00:54:29
2025-05-25T16:55+00:00,500107067,中山區,YouBike2.0_市民新生路口,25.04611,121.53193,15,4,10,1,2025-05-26 00:54:29
2025-05-25T16:55+00:00,500107068,中山區,YouBike2.0_民權吉林路口,25.06269,121.53061,15,6,9,1,2025-05-26 00:54:29
2025-05-25T16:55+00:00,500107069,中山區,YouBike2.0_中山農安街口,25.0651,121.5224,29,3,26,1,2025-05-26 00:54:29
2025-05-25T16:55+00:00,500107070,中山區,YouBike2.0_捷運行政大樓,25.05575,121.52168,14,8,6,1,2025-05-26 00:54:29
2025-05-25T16:55+00:00,500107071,中山區,YouBike2.0_中吉公園(松江路188巷),25.0568,121.53191,22,19,2,1,2025-05-26 00:54:29
2025-05-25T16:55+00:00,500107072,中山區,YouBike2.0_吉林路123巷口,25.05731,121.53021,22,11,11,1,2025-05-26 00:54:29
2025-05-25T16:55+00:00,500107074,中山區,YouBike2.0_中原民生路口,25.05808,121.52887,15,8,7,1,2025-05-26 00:54:29
2025-05-25T16:55+00:00,500107075,中山區,YouBike2.0_國立臺北大學(臺北校區),25.05794,121.54244,38,10,28,1,2025-05-26 00:54:29
2025-05-25T16:55+00:00,500107076,中山區,YouBike2.0_錦州吉林路口,25.06028,121.52991,30,21,6,1,2025-05-26 00:54:29
2025-05-25T16:55+00:00,500107077,中山區,YouBike2.0_中山北路二段59巷口,25.05606,121.5229,12,0,12,0,2025-05-26 00:54:29
2025-05-25T16:55+00:00,500107078,中山區,YouBike2.0_永盛公園(民生東路一段23巷),25.05873,121.52488,24,22,2,1,2025-05-26 00:54:29
2025-05-25T16:55+00:00,500107079,中山區,YouBike2.0_新生錦州街口,25.05955,121.52744,20,18,2,1,2025-05-26 00:54:29
2025-05-25T16:55+00:00,500107080,中山區,YouBike2.0_濱江街199巷口,25.0734,121.53985,15,9,6,1,2025-05-26 00:54:29
2025-05-25T16:55+00:00,500107081,中山區,YouBike2.0_大佳社區公園,25.07275,121.5373,15,1,14,1,2025-05-26 00:54:29
2025-05-25T16:55+00:00,500107082,中山區,YouBike2.0_濱江果菜市場,25.06807,121.53673,22,3,19,1,2025-05-26 00:54:29
2025-05-25T16:55+00:00,500107083,中山區,YouBike2.0_興安合江路口,25.05619,121.53949,29,21,5,1,2025-05-26 00:54:29
2025-05-25T16:55+00:00,500107084,中山區,YouBike2.0_復興北路514巷口東側,25.06597,121.54117,12,9,1,1,2025-05-26 00:54:29
2025-05-25T16:55+00:00,500107085,中山區,YouBike2.0_台泥大樓,25.06142,121.52305,18,3,15,1,2025-05-26 00:54:29
2025-05-25T16:55+00:00,500107086,中山區,YouBike2.0_植福樂群路口,25.08303,121.5604,10,3,7,1,2025-05-26 00:54:29
2025-05-25T16:55+00:00,500107087,中山區,YouBike2.0_新興公園,25.06157,121.52439,26,22,4,1,2025-05-26 00:54:29
2025-05-25T16:55+00:00,500107088,中山區,YouBike2.0_南京伊通街口,25.05189,121.53517,11,0,11,1,2025-05-26 00:54:29
2025-05-25T16:55+00:00,500107089,中山區,YouBike2.0_南京龍江路口,25.05205,121.54012,24,13,11,1,2025-05-26 00:54:29
2025-05-25T16:55+00:00,500107090,中山區,YouBike2.0_撫順街41巷(崇德宮前),25.06389,121.51916,19,3,15,1,2025-05-26 00:54:29
2025-05-25T16:55+00:00,500107091,中山區,YouBike2.0_臺北市立圖書館大直分館,25.08152,121.54646,20,13,6,1,2025-05-26 00:54:29
2025-05-25T16:55+00:00,500107092,中山區,YouBike2.0_捷運大直站(1號出口),25.0801,121.54708,27,6,21,1,2025-05-26 00:54:29
2025-05-25T16:55+00:00,500107093,中山區,YouBike2.0_捷運松江南京站(4號出口),25.0512,121.53312,32,3,29,1,2025-05-26 00:54:29
2025-05-25T16:55+00:00,500107095,中山區,YouBike2.0_中429公園,25.07864,121.55557,21,14,7,1,2025-05-26 00:54:29
2025-05-25T16:55+00:00,500107096,中山區,YouBike2.0_長春路137巷口,25.05791,121.53114,23,18,5,1,2025-05-26 00:54:29
2025-05-25T16:55+00:00,500107097,中山區,YouBike2.0_松江民生路口,25.05765,121.53299,21,12,9,1,2025-05-26 00:54:29
2025-05-25T16:55+00:00,500107098,中山區,YouBike2.0_松江路132巷口,25.05277,121.53013,14,8,6,1,2025-05-26 00:54:29
2025-05-25T16:55+00:00,500107099,中山區,YouBike2.0_長春吉林路口,25.05481,121.53032,10,8,1,1,2025-05-26 00:54:29
2025-05-25T16:55+00:00,500107100,中山區,YouBike2.0_長春一江街口,25.05488,121.53142,11,5,6,1,2025-05-26 00:54:29
2025-05-25T16:55+00:00,500107101,中山區,YouBike2.0_捷運松江南京站(8號出口),25.05215,121.53276,29,2,27,1,2025-05-26 00:54:29
2025-05-25T16:55+00:00,500107102,中山區,YouBike2.0_南京一江街口,25.05215,121.53171,20,7,13,1,2025-05-26 00:54:29
2025-05-25T16:55+00:00,500107103,中山區,YouBike2.0_松江長春路口,25.05499,121.53295,16,10,6,1,2025-05-26 00:54:29
2025-05-25T16:55+00:00,500107104,中山區,YouBike2.0_經國七海文化園區,25.07802,121.53511,15,2,12,1,2025-05-26 00:54:29
2025-05-25T16:55+00:00,500107105,中山區,YouBike2.0_民族玉門街口,25.06873,121.52003,20,15,5,1,2025-05-26 00:54:29
2025-05-25T16:55+00:00,500107106,中山區,YouBike2.0_新生農安街口,25.06493,121.52778,15,11,4,1,2025-05-26 00:54:29
2025-05-25T16:55+00:00,500107107,中山區,YouBike2.0_稻江高級護理家事職業學校,25.06532,121.52848,14,10,4,1,2025-05-26 00:54:29
2025-05-25T16:55+00:00,500107108,中山區,YouBike2.0_捷運大直站(3號出口)_1,25.07934,121.54671,18,10,8,1,2025-05-26 00:54:29
2025-05-25T16:55+00:00,500107109,中山區,YouBike2.0_樂群二明水路口_1,25.07983,121.55236,34,17,17,1,2025-05-26 00:54:29
2025-05-25T16:55+00:00,500107110,中山區,YouBike2.0_民權吉林路口(南側),25.06245,121.53043,16,11,5,1,2025-05-26 00:54:29
2025-05-25T16:55+00:00,500107111,中山區,YouBike2.0_長春龍江路口,25.05473,121.54026,39,14,25,1,2025-05-26 00:54:29
2025-05-25T16:55+00:00,500107112,中山區,YouBike2.0_民權新生路口,25.06305,121.52776,26,10,16,1,2025-05-26 00:54:29
2025-05-25T16:55+00:00,500107113,中山區,YouBike2.0_建國長春路口(北側),25.05476,121.53693,30,20,8,1,2025-05-26 00:54:29
2025-05-25T16:55+00:00,500107114,中山區,YouBike2.0_中山行政中心,25.06432,121.53349,30,17,13,1,2025-05-26 00:54:29
2025-05-25T16:55+00:00,500107115,中山區,YouBike2.0_臺北市立美術館_1,25.07063,121.52327,30,7,23,1,2025-05-26 00:54:29
2025-05-25T16:55+00:00,500107116,中山區,YouBike2.0_劍潭社區_1,25.08476,121.53789,42,35,6,1,2025-05-26 00:54:29
2025-05-25T16:55+00:00,500107117,中山區,YouBike2.0_濱江國小游泳池,25.07818,121.56175,16,9,7,1,2025-05-26 00:54:29
2025-05-25T16:55+00:00,500107118,中山區,YouBike2.0_林森公園,25.05223,121.52581,42,10,32,1,2025-05-26 00:54:29
2025-05-25T16:55+00:00,500107119,中山區,YouBike2.0_中428公園,25.07825,121.55337,15,9,6,1,2025-05-26 00:54:29
2025-05-25T16:55+00:00,500107120,中山區,YouBike2.0_復華公園,25.05339,121.5401,20,5,14,1,2025-05-26 00:54:29
2025-05-25T16:55+00:00,500107121,中山區,YouBike2.0_新生民族路口(西南側),25.06819,121.52767,15,11,4,1,2025-05-26 00:54:29
2025-05-25T16:55+00:00,500107122,中山區,YouBike2.0_捷運南京復興站(1號出口),25.05253,121.54256,21,4,17,1,2025-05-26 00:54:29
2025-05-25T16:55+00:00,500107123,中山區,YouBike2.0_八德市場(北側),25.04478,121.53661,26,6,20,1,2025-05-26 00:54:29
2025-05-25T16:55+00:00,500107124,中山區,YouBike2.0_龍江朱崙街口,25.05004,121.54043,14,6,8,1,2025-05-26 00:54:29
2025-05-25T16:55+00:00,500107125,中山區,YouBike2.0_大直街94巷,25.08431,121.54755,15,8,7,1,2025-05-26 00:54:29
2025-05-25T16:55+00:00,500107126,中山區,YouBike2.0_捷運南京復興站(8號出口),25.05196,121.5433,25,5,20,1,2025-05-26 00:54:29
2025-05-25T16:55+00:00,500107127,中山區,YouBike2.0_民權建國路口(南側),25.06228,121.53702,15,7,8,1,2025-05-26 00:54:29
2025-05-25T16:55+00:00,500107128,中山區,YouBike2.0_林森德惠街口,25.06688,121.5257,16,13,2,1,2025-05-26 00:54:29
2025-05-25T16:55+00:00,500107129,中山區,YouBike2.0_新生濱江街口(東南側),25.07059,121.52812,21,11,10,1,2025-05-26 00:54:29
2025-05-25T16:55+00:00,500107130,中山區,YouBike2.0_新生北路一段62巷口,25.04699,121.53075,30,19,11,1,2025-05-26 00:54:29
2025-05-25T16:55+00:00,500107131,中山區,YouBike2.0_新生長春路口(東北側),25.05532,121.52769,19,18,1,1,2025-05-26 00:54:29
2025-05-25T16:55+00:00,500107132,中山區,YouBike2.0_捷運劍南路站(1號出口),25.08519,121.55498,25,3,21,1,2025-05-26 00:54:29
2025-05-25T16:55+00:00,500107133,中山區,YouBike2.0_敬業三樂群三路口(西北側),25.08272,121.55624,22,0,22,0,2025-05-26 00:54:29
2025-05-25T16:55+00:00,500107134,中山區,YouBike2.0_長春路258巷2弄口,25.05427,121.53896,19,7,12,1,2025-05-26 00:54:29
2025-05-25T16:55+00:00,500107135,中山區,YouBike2.0_長寧大廈社區(南側),25.05418,121.54332,15,7,8,1,2025-05-26 00:54:29
2025-05-25T16:55+00:00,500107136,中山區,YouBike2.0_建國五常街口,25.06419,121.53732,20,18,2,1,2025-05-26 00:54:29
2025-05-25T16:55+00:00,500107137,中山區,YouBike2.0_中山北路二段62巷口,25.05676,121.52268,12,2,10,1,2025-05-26 00:54:29
2025-05-25T16:55+00:00,500107138,中山區,YouBike2.0_市民安東街口,25.0448,121.54213,27,5,22,1,2025-05-26 00:54:29
2025-05-25T16:55+00:00,500107139,中山區,YouBike2.0_市民大道二段5巷口,25.04812,121.52166,15,14,1,1,2025-05-26 00:54:29
2025-05-25T16:55+00:00,500107140,中山區,YouBike2.0_捷運中山站(3號出口),25.05236,121.52212,21,0,21,1,2025-05-26 00:54:29
2025-05-25T16:55+00:00,500107141,中山區,YouBike2.0_建國北路高架橋下停車場G區,25.05959,121.53682,18,15,3,1,2025-05-26 00:54:29
2025-05-25T16:55+00:00,500107142,中山區,YouBike2.0_朱崙公園,25.04919,121.54198,20,10,10,1,2025-05-26 00:54:29
2025-05-25T16:55+00:00,500107143,中山區,YouBike2.0_朱崙復興北路口,25.04992,121.54379,12,11,1,1,2025-05-26 00:54:29
2025-05-25T16:55+00:00,500107144,中山區,YouBike2.0_捷運行天宮站(4號出口),25.06037,121.53283,36,10,26,1,2025-05-26 00:54:29
2025-05-25T16:55+00:00,500107145,中山區,YouBike2.0_建國北路三段86巷口,25.06617,121.53526,15,9,6,1,2025-05-26 00:54:29
2025-05-25T16:55+00:00,500107146,中山區,YouBike2.0_正守公園,25.04808,121.52898,15,8,7,1,2025-05-26 00:54:29
2025-05-25T16:55+00:00,500107147,中山區,YouBike2.0_四平松江路口,25.05366,121.53282,18,9,9,1,2025-05-26 00:54:29
2025-05-25T16:55+00:00,500107149,中山區,YouBike2.0_北安通北街口,25.07965,121.54148,17,3,14,1,2025-05-26 00:54:29
2025-05-25T16:55+00:00,500107150,中山區,YouBike2.0_民權東復興北路口(西北側),25.06246,121.54323,20,7,13,1,2025-05-26 00:54:29
2025-05-25T16:55+00:00,500107151,中山區,YouBike2.0_臺北市立大同高中,25.05484,121.53521,22,10,12,1,2025-05-26 00:54:29
2025-05-25T16:55+00:00,500107152,中山區,YouBike2.0_中崙加油站,25.04634,121.53979,27,15,12,1,2025-05-26 00:54:29
2025-05-25T16:55+00:00,500107153,中山區,YouBike2.0_北安明水路口(自強隧道),25.08578,121.55225,12,7,5,1,2025-05-26 00:54:29
2025-05-25T16:55+00:00,500107154,中山區,YouBike2.0_中正國小(南京東路三段48巷),25.05126,121.53845,15,10,5,1,2025-05-26 00:54:29
2025-05-25T16:55+00:00,500107155,中山區,YouBike2.0_臺北時代廣場,25.08044,121.56152,35,3,32,1,2025-05-26 00:54:29
2025-05-25T16:55+00:00,500107156,中山區,YouBike2.0_吉林農安街口(西北側),25.06493,121.53034,15,9,1,1,2025-05-26 00:54:29
2025-05-25T16:55+00:00,500107157,中山區,YouBike2.0_濱江國中,25.07986,121.56152,26,6,20,1,2025-05-26 00:54:29
2025-05-25T16:55+00:00,500107158,中山區,YouBike2.0_環山抽水站,25.07734,121.5631,21,12,7,1,2025-05-26 00:54:29
2025-05-25T16:55+00:00,500107159,中山區,YouBike2.0_民權中山路口(東北側),25.06292,121.52299,25,8,17,1,2025-05-26 00:54:29
2025-05-25T16:55+00:00,500107160,中山區,YouBike2.0_復興五常街口(西南側),25.06409,121.54415,26,25,1,1,2025-05-26 00:54:29
2025-05-25T16:55+00:00,500107161,中山區,YouBike2.0_松江長安路口,25.04819,121.53282,20,5,13,1,2025-05-26 00:54:29
2025-05-25T16:55+00:00,500107162,中山區,YouBike2.0_長安國小,25.05018,121.53008,26,18,8,1,2025-05-26 00:54:29
2025-05-25T16:55+00:00,500107163,中山區,YouBike2.0_中山市場,25.05007,121.52107,16,9,7,1,2025-05-26 00:54:29
2025-05-25T16:55+00:00,500107164,中山區,YouBike2.0_捷運雙連站(1號出口),25.05767,121.52097,17,0,16,1,2025-05-26 00:54:29
2025-05-25T16:55+00:00,500107165,中山區,YouBike2.0_吉林南京路口(西北側),25.05234,121.53003,22,16,6,1,2025-05-26 00:54:29
2025-05-25T16:55+00:00,500107166,中山區,YouBike2.0_龍江路345巷,25.06339,121.54116,23,23,0,1,2025-05-26 00:54:29
2025-05-25T16:55+00:00,500107167,中山區,YouBike2.0_捷運劍南路站(3號出口),25.08444,121.55657,46,1,45,1,2025-05-26 00:54:29
2025-05-25T16:55+00:00,500107168,中山區,YouBike2.0_一江南京東路口(西南側),25.05181,121.53146,22,11,10,1,2025-05-26 00:54:29
2025-05-25T16:55+00:00,500107169,中山區,YouBike2.0_大直抽水站公車站,25.07756,121.54556,27,18,9,1,2025-05-26 00:54:29
2025-05-25T16:55+00:00,500107170,中山區,YouBike2.0_民權東路三段39巷口,25.06596,121.54259,25,19,2,1,2025-05-26 00:54:29
2025-05-25T16:55+00:00,500107171,中山區,YouBike2.0_臺北市立中山女高,25.04841,121.53889,33,11,22,1,2025-05-26 00:54:29
2025-05-25T16:55+00:00,500107172,中山區,YouBike2.0_朱昌公園,25.0554,121.53908,20,0,0,0,2025-05-26 00:54:29
2025-05-25T16:55+00:00,500107173,中山區,YouBike2.0_林森公園東北側,25.05381,121.52674,18,7,11,1,2025-05-26 00:54:29
2025-05-25T16:55+00:00,500107174,中山區,YouBike2.0_康樂公園西北側,25.05377,121.52456,18,5,13,1,2025-05-26 00:54:29
2025-05-25T16:55+00:00,500107175,中山區,YouBike2.0_中山北德惠街口,25.06671,121.52257,20,15,5,1,2025-05-26 00:54:29
2025-05-25T16:55+00:00,500107176,中山區,YouBike2.0_晴光公園,25.06411,121.52446,15,9,6,1,2025-05-26 00:54:29
2025-05-25T16:55+00:00,500107177,中山區,YouBike2.0_松江路25巷口,25.04628,121.53304,42,33,9,1,2025-05-26 00:54:29
2025-05-25T16:55+00:00,500107178,中山區,YouBike2.0_民生東合江街口,25.05777,121.53951,20,8,12,1,2025-05-26 00:54:29
2025-05-25T16:55+00:00,500107179,中山區,YouBike2.0_飛航服務總臺,25.07241,121.55117,23,6,17,1,2025-05-26 00:54:29
2025-05-25T16:55+00:00,500107180,中山區,YouBike2.0_內湖堤頂大道(西南側),25.08462,121.56016,24,4,20,1,2025-05-26 00:54:29
2025-05-25T16:55+00:00,500107181,中山區,YouBike2.0_大直派出所,25.07913,121.54422,30,5,25,1,2025-05-26 00:54:29
2025-05-25T16:55+00:00,500107182,中山區,YouBike2.0_遼寧民生路口,25.05751,121.54215,19,12,7,1,2025-05-26 00:54:29
2025-05-25T16:55+00:00,500107183,中山區,YouBike2.0_松江路184巷口,25.05623,121.53296,21,7,14,1,2025-05-26 00:54:29
2025-05-25T16:55+00:00,500107184,中山區,YouBike2.0_民權東路三段60巷,25.06058,121.54236,18,15,3,1,2025-05-26 00:54:29
2025-05-25T16:55+00:00,500107185,中山區,YouBike2.0_長春路258巷2弄(北側),25.05474,121.5383,19,9,10,1,2025-05-26 00:54:29
2025-05-25T16:55+00:00,500108001,內湖區,YouBike2.0_文湖街21巷118弄口,25.09122,121.55961,28,17,11,1,2025-05-26 00:54:29
2025-05-25T16:55+00:00,500108002,內湖區,YouBike2.0_北勢湖環保公園,25.08378,121.56208,27,12,15,1,2025-05-26 00:54:29
2025-05-25T16:55+00:00,500108003,內湖區,YouBike2.0_洲子一號公園,25.07977,121.56454,43,10,33,1,2025-05-26 00:54:29
2025-05-25T16:55+00:00,500108004,內湖區,YouBike2.0_西康公園,25.08284,121.56449,21,7,14,1,2025-05-26 00:54:29
2025-05-25T16:55+00:00,500108005,內湖區,YouBike2.0_文湖國小,25.08637,121.56088,43,18,25,1,2025-05-26 00:54:29
2025-05-25T16:55+00:00,500108006,內湖區,YouBike2.0_文湖街81巷10號西側,25.08707,121.56406,21,15,6,1,2025-05-26 00:54:29
2025-05-25T16:55+00:00,500108007,內湖區,YouBike2.0_德明財經科技大學,25.08637,121.56574,36,33,3,1,2025-05-26 00:54:29
2025-05-25T16:55+00:00,500108008,內湖區,YouBike2.0_麗山國小,25.0826,121.57158,18,7,11,1,2025-05-26 00:54:29
2025-05-25T16:55+00:00,500108009,內湖區,YouBike2.0_麗山高中,25.08398,121.57725,33,6,26,1,2025-05-26 00:54:29
2025-05-25T16:55+00:00,500108010,內湖區,YouBike2.0_港華五號公園,25.08522,121.57462,16,8,8,1,2025-05-26 00:54:29
2025-05-25T16:55+00:00,500108011,內湖區,YouBike2.0_大湖國小,25.08803,121.59958,29,27,2,1,2025-05-26 00:54:29
2025-05-25T16:55+00:00,500108012,內湖區,YouBike2.0_安湖三號公園,25.07021,121.61593,15,0,15,0,2025-05-26 00:54:29
2025-05-25T16:55+00:00,500108013,內湖區,YouBike2.0_東湖路113巷95弄,25.07177,121.61491,17,15,2,1,2025-05-26 00:54:29
2025-05-25T16:55+00:00,500108014,內湖區,YouBike2.0_瑞光計程車服務站,25.0745,121.57389,20,5,15,1,2025-05-26 00:54:29
2025-05-25T16:55+00:00,500108015,內湖區,YouBike2.0_文德三號公園(江南街71巷16弄),25.07524,121.5772,15,10,5,1,2025-05-26 00:54:29
2025-05-25T16:55+00:00,500108016,內湖區,YouBike2.0_捷運大湖公園站(2號出口),25.08395,121.60185,46,16,30,1,2025-05-26 00:54:29
2025-05-25T16:55+00:00,500108018,內湖區,YouBike2.0_康寧星雲街口,25.07958,121.59336,19,6,13,1,2025-05-26 00:54:29
2025-05-25T16:55+00:00,500108019,內湖區,YouBike2.0_星雲街47號,25.07864,121.59177,22,9,11,1,2025-05-26 00:54:29
2025-05-25T16:55+00:00,500108020,內湖區,YouBike2.0_捷運西湖站(1號出口),25.08301,121.56638,23,0,22,1,2025-05-26 00:54:29
2025-05-25T16:55+00:00,500108021,內湖區,YouBike2.0_捷運西湖站(2號出口),25.08205,121.56716,31,14,17,1,2025-05-26 00:54:29
2025-05-25T16:55+00:00,500108022,內湖區,YouBike2.0_洲子二號公園,25.07932,121.56869,60,2,58,1,2025-05-26 00:54:29
2025-05-25T16:55+00:00,500108023,內湖區,YouBike2.0_港都公園,25.08296,121.5752,15,9,6,1,2025-05-26 00:54:29
2025-05-25T16:55+00:00,500108024,內湖區,YouBike2.0_環山路二段26巷口,25.08598,121.572,22,18,4,1,2025-05-26 00:54:29
2025-05-25T16:55+00:00,500108025,內湖區,YouBike2.0_成功金龍路口,25.08436,121.59478,29,2,27,1,2025-05-26 00:54:29
2025-05-25T16:55+00:00,500108026,內湖區,YouBike2.0_碧山公園,25.0878,121.59227,31,21,7,1,2025-05-26 00:54:29
2025-05-25T16:55+00:00,500108027,內湖區,YouBike2.0_金瑞公園,25.08785,121.5879,30,24,6,1,2025-05-26 00:54:29
2025-05-25T16:55+00:00,500108028,內湖區,YouBike2.0_捷運文德站(2號出口),25.07842,121.58464,49,14,35,1,2025-05-26 00:54:29
2025-05-25T16:55+00:00,500108029,內湖區,YouBike2.0_陽光公園,25.07695,121.58764,16,6,10,1,2025-05-26 00:54:29
2025-05-25T16:55+00:00,500108030,內湖區,YouBike2.0_文德二號公園(南側),25.07504,121.58375,13,8,5,1,2025-05-26 00:54:29
2025-05-25T16:55+00:00,500108031,內湖區,YouBike2.0_文德二號公園(北側),25.07758,121.58381,15,9,6,1,2025-05-26 00:54:29
2025-05-25T16:55+00:00,500108032,內湖區,YouBike2.0_瑞陽公園,25.07777,121.57961,12,9,3,1,2025-05-26 00:54:29
2025-05-25T16:55+00:00,500108033,內湖區,YouBike2.0_湖光國宅,25.07538,121.58079,37,34,3,1,2025-05-26 00:54:29
2025-05-25T16:55+00:00,500108034,內湖區,YouBike2.0_潭美街213號,25.05575,121.58486,12,11,1,1,2025-05-26 00:54:29
2025-05-25T16:55+00:00,500108035,內湖區,YouBike2.0_南京東路六段180號,25.0559,121.57991,21,13,7,1,2025-05-26 00:54:29
2025-05-25T16:55+00:00,500108036,內湖區,YouBike2.0_潭美國小(南京舊宗路口),25.05768,121.58159,29,27,2,1,2025-05-26 00:54:29
2025-05-25T16:55+00:00,500108037,內湖區,YouBike2.0_新明路343號,25.05653,121.58345,10,6,4,1,2025-05-26 00:54:29
2025-05-25T16:55+00:00,500108038,內湖區,YouBike2.0_成美長壽橋(潭美街),25.0539,121.58084,17,14,3,1,2025-05-26 00:54:29
2025-05-25T16:55+00:00,500108039,內湖區,YouBike2.0_內湖行政中心,25.06915,121.58898,25,11,14,1,2025-05-26 00:54:29
2025-05-25T16:55+00:00,500108040,內湖區,YouBike2.0_樂康公園,25.07007,121.62055,20,16,4,1,2025-05-26 00:54:29
2025-05-25T16:55+00:00,500108041,內湖區,YouBike2.0_安康路32巷24弄,25.06181,121.59447,21,4,17,1,2025-05-26 00:54:29
2025-05-25T16:55+00:00,500108043,內湖區,YouBike2.0_明美公園,25.06256,121.58607,30,9,20,1,2025-05-26 00:54:29
2025-05-25T16:55+00:00,500108044,內湖區,YouBike2.0_南京東路六段368巷,25.05827,121.58707,73,7,66,1,2025-05-26 00:54:29
2025-05-25T16:55+00:00,500108045,內湖區,YouBike2.0_新明成功路口,25.06058,121.5911,30,23,7,1,2025-05-26 00:54:29
2025-05-25T16:55+00:00,500108046,內湖區,YouBike2.0_民權瑞光路口,25.06835,121.58323,32,16,16,1,2025-05-26 00:54:29
2025-05-25T16:55+00:00,500108047,內湖區,YouBike2.0_瑞光公共住宅(瑞光路),25.07335,121.57951,18,1,16,1,2025-05-26 00:54:29
2025-05-25T16:55+00:00,500108048,內湖區,YouBike2.0_民權東路六段15巷,25.06853,121.57813,28,12,16,1,2025-05-26 00:54:29
2025-05-25T16:55+00:00,500108049,內湖區,YouBike2.0_扶輪親恩公園,25.06709,121.58002,30,27,3,1,2025-05-26 00:54:29
2025-05-25T16:55+00:00,500108050,內湖區,YouBike2.0_新湖三民善街口,25.06286,121.57497,15,3,12,1,2025-05-26 00:54:29
2025-05-25T16:55+00:00,500108051,內湖區,YouBike2.0_內湖119號綠地,25.05594,121.57865,41,22,19,1,2025-05-26 00:54:29
2025-05-25T16:55+00:00,500108052,內湖區,YouBike2.0_行善公園,25.05301,121.57592,25,3,22,1,2025-05-26 00:54:29
2025-05-25T16:55+00:00,500108054,內湖區,YouBike2.0_三軍總醫院,25.07151,121.58991,50,19,31,1,2025-05-26 00:54:29
2025-05-25T16:55+00:00,500108055,內湖區,YouBike2.0_福華商場,25.06877,121.59265,25,14,11,1,2025-05-26 00:54:29
2025-05-25T16:55+00:00,500108056,內湖區,YouBike2.0_臺北市網球中心,25.0674,121.59749,34,22,12,1,2025-05-26 00:54:29
2025-05-25T16:55+00:00,500108057,內湖區,YouBike2.0_捷運葫洲站(1號出口),25.07249,121.60796,37,3,34,1,2025-05-26 00:54:29
2025-05-25T16:55+00:00,500108058,內湖區,YouBike2.0_麗湖國小,25.07332,121.60223,27,14,13,1,2025-05-26 00:54:29
2025-05-25T16:55+00:00,500108059,內湖區,YouBike2.0_金湖路347巷125弄口,25.0733,121.59834,15,12,3,1,2025-05-26 00:54:29
2025-05-25T16:55+00:00,500108060,內湖區,YouBike2.0_碧湖公園,25.07988,121.58287,25,4,21,1,2025-05-26 00:54:29
2025-05-25T16:55+00:00,500108061,內湖區,YouBike2.0_碧湖公園(內湖路二段103巷),25.08317,121.58109,19,8,11,1,2025-05-26 00:54:29
2025-05-25T16:55+00:00,500108062,內湖區,YouBike2.0_貿七社區,25.08357,121.58534,17,6,11,1,2025-05-26 00:54:29
2025-05-25T16:55+00:00,500108063,內湖區,YouBike2.0_內湖區農會,25.08165,121.58891,12,6,6,1,2025-05-26 00:54:29
2025-05-25T16:55+00:00,500108064,內湖區,YouBike2.0_捷運內湖站(2號出口),25.0835,121.59454,10,0,10,1,2025-05-26 00:54:29
2025-05-25T16:55+00:00,500108065,內湖區,YouBike2.0_康寧金湖路口,25.07896,121.59921,21,9,12,1,2025-05-26 00:54:29
2025-05-25T16:55+00:00,500108066,內湖區,YouBike2.0_康寧路一段156巷20弄口,25.07792,121.59354,20,8,12,1,2025-05-26 00:54:29
2025-05-25T16:55+00:00,500108067,內湖區,YouBike2.0_安康公園,25.06657,121.6136,25,0,24,1,2025-05-26 00:54:29
2025-05-25T16:55+00:00,500108068,內湖區,YouBike2.0_安泰街83巷,25.07669,121.61709,34,20,14,1,2025-05-26 00:54:29
2025-05-25T16:55+00:00,500108069,內湖區,YouBike2.0_內溝溪生態展示館,25.08722,121.62306,16,3,13,1,2025-05-26 00:54:29
2025-05-25T16:55+00:00,500108070,內湖區,YouBike2.0_捷運港墘站(2號出口),25.07967,121.57584,47,8,39,1,2025-05-26 00:54:29
2025-05-25T16:55+00:00,500108071,內湖區,YouBike2.0_東湖國中,25.07334,121.61962,42,34,8,1,2025-05-26 00:54:29
2025-05-25T16:55+00:00,500108072,內湖區,YouBike2.0_石潭公園(安康路),25.06261,121.59334,20,4,16,1,2025-05-26 00:54:29
2025-05-25T16:55+00:00,500108073,內湖區,YouBike2.0_內湖垃圾焚化廠,25.06209,121.60347,20,2,18,1,2025-05-26 00:54:29
2025-05-25T16:55+00:00,500108074,內湖區,YouBike2.0_康寧公園(北側),25.06927,121.61019,22,10,12,1,2025-05-26 00:54:29
2025-05-25T16:55+00:00,500108075,內湖區,YouBike2.0_康寧路三段54巷口,25.0716,121.60936,15,11,4,1,2025-05-26 00:54:29
2025-05-25T16:55+00:00,500108076,內湖區,YouBike2.0_行善路25巷口,25.05707,121.57658,21,11,10,1,2025-05-26 00:54:29
2025-05-25T16:55+00:00,500108077,內湖區,YouBike2.0_新明路460巷口,25.05503,121.57823,22,12,9,1,2025-05-26 00:54:29
2025-05-25T16:55+00:00,500108078,內湖區,YouBike2.0_下灣公園,25.06516,121.59561,30,22,8,1,2025-05-26 00:54:29
2025-05-25T16:55+00:00,500108079,內湖區,YouBike2.0_民權東路六段245巷口,25.06708,121.60059,17,12,4,1,2025-05-26 00:54:29
2025-05-25T16:55+00:00,500108081,內湖區,YouBike2.0_東湖國小,25.06854,121.61532,29,13,16,1,2025-05-26 00:54:29
2025-05-25T16:55+00:00,500108082,內湖區,YouBike2.0_捷運內湖站(1號出口),25.08373,121.59406,28,5,23,1,2025-05-26 00:54:29
2025-05-25T16:55+00:00,500108083,內湖區,YouBike2.0_瑞光港墘路口,25.07611,121.57487,30,11,19,1,2025-05-26 00:54:29
2025-05-25T16:55+00:00,500108084,內湖區,YouBike2.0_瑞湖陽光街口,25.07296,121.57603,34,11,21,1,2025-05-26 00:54:29
2025-05-25T16:55+00:00,500108085,內湖區,YouBike2.0_金龍公園,25.08554,121.59076,15,8,7,1,2025-05-26 00:54:29
2025-05-25T16:55+00:00,500108086,內湖區,YouBike2.0_星雲街138巷1弄口,25.07943,121.59544,21,8,13,1,2025-05-26 00:54:29
2025-05-25T16:55+00:00,500108087,內湖區,YouBike2.0_東湖一號公園,25.07567,121.6118,19,9,10,1,2025-05-26 00:54:29
2025-05-25T16:55+00:00,500108088,內湖區,YouBike2.0_東湖二號公園,25.07415,121.61075,25,23,2,1,2025-05-26 00:54:29
2025-05-25T16:55+00:00,500108089,內湖區,YouBike2.0_康湖二號公園(康寧醫院),25.07514,121.60857,25,25,0,1,2025-05-26 00:54:29
2025-05-25T16:55+00:00,500108090,內湖區,YouBike2.0_堤頂大道新湖一路口,25.05892,121.57354,20,8,12,1,2025-05-26 00:54:29
2025-05-25T16:55+00:00,500108091,內湖區,YouBike2.0_下灣公園(成功路),25.06682,121.5907,16,13,3,1,2025-05-26 00:54:29
2025-05-25T16:55+00:00,500108092,內湖區,YouBike2.0_舊宗行善路口,25.05876,121.58062,22,12,10,1,2025-05-26 00:54:29
2025-05-25T16:55+00:00,500108093,內湖區,YouBike2.0_新湖二路250巷口,25.06455,121.58262,20,5,15,1,2025-05-26 00:54:29
2025-05-25T16:55+00:00,500108094,內湖區,YouBike2.0_成功路四段41巷口,25.08105,121.59205,15,10,4,1,2025-05-26 00:54:29
2025-05-25T16:55+00:00,500108095,內湖區,YouBike2.0_金湖星雲街口,25.08151,121.59764,30,15,15,1,2025-05-26 00:54:29
2025-05-25T16:55+00:00,500108096,內湖區,YouBike2.0_國防醫學院,25.06851,121.59559,25,16,9,1,2025-05-26 00:54:29
2025-05-25T16:55+00:00,500108097,內湖區,YouBike2.0_民權東路六段190巷117弄口,25.06434,121.59399,25,17,8,1,2025-05-26 00:54:29
2025-05-25T16:55+00:00,500108098,內湖區,YouBike2.0_內湖運動中心,25.07848,121.57493,21,3,18,1,2025-05-26 00:54:29
2025-05-25T16:55+00:00,500108099,內湖區,YouBike2.0_九華公園,25.08844,121.56122,25,16,9,1,2025-05-26 00:54:29
2025-05-25T16:55+00:00,500108100,內湖區,YouBike2.0_內湖路二段179巷口,25.08454,121.584,22,11,11,1,2025-05-26 00:54:29
2025-05-25T16:55+00:00,500108102,內湖區,YouBike2.0_行善行愛路口,25.0606,121.58286,12,2,10,1,2025-05-26 00:54:29
2025-05-25T16:55+00:00,500108103,內湖區,YouBike2.0_民善新湖二路口(家樂福內湖店),25.06017,121.57552,23,3,19,1,2025-05-26 00:54:29
2025-05-25T16:55+00:00,500108104,內湖區,YouBike2.0_統振大樓,25.06007,121.60138,25,1,24,1,2025-05-26 00:54:29
2025-05-25T16:55+00:00,500108105,內湖區,YouBike2.0_陽光街161巷口,25.07433,121.58584,16,9,7,1,2025-05-26 00:54:29
2025-05-25T16:55+00:00,500108106,內湖區,YouBike2.0_潭美公園(南京東路六段368巷),25.05928,121.58617,25,6,19,1,2025-05-26 00:54:29
2025-05-25T16:55+00:00,500108107,內湖區,YouBike2.0_西康二號公園,25.08503,121.5637,21,17,2,1,2025-05-26 00:54:29
2025-05-25T16:55+00:00,500108108,內湖區,YouBike2.0_三民國中(民權東路六段47巷),25.06935,121.58692,13,7,6,1,2025-05-26 00:54:29
2025-05-25T16:55+00:00,500108109,內湖區,YouBike2.0_瑞光路76巷口,25.07168,121.58125,12,8,4,1,2025-05-26 00:54:29
2025-05-25T16:55+00:00,500108110,內湖區,YouBike2.0_捷運東湖站,25.06664,121.61351,35,1,34,1,2025-05-26 00:54:29
2025-05-25T16:55+00:00,500108111,內湖區,YouBike2.0_新湖國小,25.06874,121.58923,23,14,9,1,2025-05-26 00:54:29
2025-05-25T16:55+00:00,500108112,內湖區,YouBike2.0_碧山內湖路口,25.08627,121.5914,16,13,2,1,2025-05-26 00:54:29
2025-05-25T16:55+00:00,500108115,內湖區,YouBike2.0_民權東路六段413巷,25.07038,121.60352,25,15,10,1,2025-05-26 00:54:29
2025-05-25T16:55+00:00,500108116,內湖區,YouBike2.0_宏匯瑞光廣場(瑞光路),25.07676,121.57433,16,6,10,1,2025-05-26 00:54:29
2025-05-25T16:55+00:00,500108117,內湖區,YouBike2.0_宏匯瑞光廣場(港墘路),25.07777,121.57562,20,15,5,1,2025-05-26 00:54:29
2025-05-25T16:55+00:00,500108118,內湖區,YouBike2.0_康樂街151巷,25.07192,121.61955,24,17,7,1,2025-05-26 00:54:29
2025-05-25T16:55+00:00,500108119,內湖區,YouBike2.0_內湖路一段360巷,25.0812,121.57067,15,5,10,1,2025-05-26 00:54:29
2025-05-25T16:55+00:00,500108120,內湖區,YouBike2.0_成功路三段83號前,25.07823,121.5898,17,14,3,1,2025-05-26 00:54:29
2025-05-25T16:55+00:00,500108121,內湖區,YouBike2.0_內湖路一段47巷,25.08781,121.55872,22,16,4,1,2025-05-26 00:54:29
2025-05-25T16:55+00:00,500108122,內湖區,YouBike2.0_陽光舊宗路口,25.07243,121.57416,20,3,17,1,2025-05-26 00:54:29
2025-05-25T16:55+00:00,500108123,內湖區,YouBike2.0_安湖公園,25.07392,121.61545,15,13,2,1,2025-05-26 00:54:29
2025-05-25T16:55+00:00,500108124,內湖區,YouBike2.0_湖興公園,25.06671,121.58913,16,14,2,1,2025-05-26 00:54:29
2025-05-25T16:55+00:00,500108126,內湖區,YouBike2.0_安泰街(康樂橋下),25.07849,121.61666,21,2,19,1,2025-05-26 00:54:29
2025-05-25T16:55+00:00,500108127,內湖區,YouBike2.0_康樂綠地,25.07539,121.6203,20,20,0,1,2025-05-26 00:54:29
2025-05-25T16:55+00:00,500108128,內湖區,YouBike2.0_捷運港墘站(1號出口),25.08004,121.57568,23,8,15,1,2025-05-26 00:54:29
2025-05-25T16:55+00:00,500108129,內湖區,YouBike2.0_明美公園(行善路333巷),25.06058,121.5866,16,5,9,1,2025-05-26 00:54:29
2025-05-25T16:55+00:00,500108131,內湖區,YouBike2.0_舊宗新湖三路口,25.06321,121.57681,25,2,23,1,2025-05-26 00:54:29
2025-05-25T16:55+00:00,500108132,內湖區,YouBike2.0_內湖運動公園,25.06745,121.57513,25,5,20,1,2025-05-26 00:54:29
2025-05-25T16:55+00:00,500108133,內湖區,YouBike2.0_內湖路三段326巷口,25.08968,121.58352,20,5,15,1,2025-05-26 00:54:29
2025-05-25T16:55+00:00,500108134,內湖區,YouBike2.0_成功公園,25.08416,121.59665,11,4,7,1,2025-05-26 00:54:29
2025-05-25T16:55+00:00,500108135,內湖區,YouBike2.0_康寧路三段189巷93弄口,25.0735,121.61258,14,11,3,1,2025-05-26 00:54:29
2025-05-25T16:55+00:00,500108136,內湖區,YouBike2.0_中國醫藥大學附設醫院臺北分院,25.08227,121.5909,16,11,5,1,2025-05-26 00:54:29
2025-05-25T16:55+00:00,500108137,內湖區,YouBike2.0_康樂抽水站,25.06643,121.61732,25,21,4,1,2025-05-26 00:54:29
2025-05-25T16:55+00:00,500108138,內湖區,YouBike2.0_環山路三段16巷口,25.08464,121.57945,21,15,5,1,2025-05-26 00:54:29
2025-05-25T16:55+00:00,500108139,內湖區,YouBike2.0_文德一號綠地,25.0786,121.58302,15,2,13,1,2025-05-26 00:54:29
2025-05-25T16:55+00:00,500108140,內湖區,YouBike2.0_臺北花市,25.06265,121.57427,30,3,27,1,2025-05-26 00:54:29
2025-05-25T16:55+00:00,500108141,內湖區,YouBike2.0_行善社會住宅,25.06126,121.58201,23,7,16,1,2025-05-26 00:54:29
2025-05-25T16:55+00:00,500108142,內湖區,YouBike2.0_康寧路三段99巷17弄口,25.0721,121.60991,15,11,4,1,2025-05-26 00:54:29
2025-05-25T16:55+00:00,500108143,內湖區,YouBike2.0_堤頂大道二段407巷口,25.08019,121.56316,15,2,13,1,2025-05-26 00:54:29
2025-05-25T16:55+00:00,500108144,內湖區,YouBike2.0_海德堡科技大樓,25.08156,121.56227,12,5,7,1,2025-05-26 00:54:29
2025-05-25T16:55+00:00,500108145,內湖區,YouBike2.0_致伸科技大樓,25.08067,121.5656,17,8,9,1,2025-05-26 00:54:29
2025-05-25T16:55+00:00,500108146,內湖區,YouBike2.0_內湖路一段288巷口,25.08202,121.56861,20,17,3,1,2025-05-26 00:54:29
2025-05-25T16:55+00:00,500108147,內湖區,YouBike2.0_大都會客運內湖站,25.06749,121.57784,25,18,7,1,2025-05-26 00:54:29
2025-05-25T16:55+00:00,500108148,內湖區,YouBike2.0_瑞湖公園,25.06888,121.57711,15,6,9,1,2025-05-26 00:54:29
2025-05-25T16:55+00:00,500108150,內湖區,YouBike2.0_台灣世曦大樓,25.07345,121.57848,16,10,6,1,2025-05-26 00:54:29
2025-05-25T16:55+00:00,500108151,內湖區,YouBike2.0_遠雄時代總部,25.07821,121.57103,14,4,10,1,2025-05-26 00:54:29
2025-05-25T16:55+00:00,500108152,內湖區,YouBike2.0_瑞光路358巷口,25.07733,121.5727,14,3,11,1,2025-05-26 00:54:29
2025-05-25T16:55+00:00,500108153,內湖區,YouBike2.0_大港墘公園(洲子街),25.07897,121.5737,18,2,16,1,2025-05-26 00:54:29
2025-05-25T16:55+00:00,500108154,內湖區,YouBike2.0_世紀經貿,25.08049,121.57361,16,11,5,1,2025-05-26 00:54:29
2025-05-25T16:55+00:00,500108156,內湖區,YouBike2.0_民權東路六段56巷口,25.06805,121.58488,25,9,16,1,2025-05-26 00:54:29
2025-05-25T16:55+00:00,500108157,內湖區,YouBike2.0_新湖三行忠路72巷口,25.06605,121.58206,18,6,12,1,2025-05-26 00:54:29
2025-05-25T16:55+00:00,500108158,內湖區,YouBike2.0_新湖三新湖二146巷口,25.06407,121.57787,25,3,22,1,2025-05-26 00:54:29
2025-05-25T16:55+00:00,500108159,內湖區,YouBike2.0_舊宗新湖二路口,25.06151,121.57811,25,4,21,1,2025-05-26 00:54:29
2025-05-25T16:55+00:00,500108160,內湖區,YouBike2.0_新光基湖大樓,25.08152,121.56489,19,4,15,1,2025-05-26 00:54:29
2025-05-25T16:55+00:00,500108161,內湖區,YouBike2.0_內湖路一段120巷15弄,25.08203,121.56298,32,1,31,1,2025-05-26 00:54:29
2025-05-25T16:55+00:00,500108162,內湖區,YouBike2.0_北勢湖環保公園(堤頂大道側),25.08318,121.56154,21,3,18,1,2025-05-26 00:54:29
2025-05-25T16:55+00:00,500108164,內湖區,YouBike2.0_達爾文大樓,25.07941,121.57277,15,2,13,1,2025-05-26 00:54:29
2025-05-25T16:55+00:00,500108165,內湖區,YouBike2.0_東湖四號公園,25.07074,121.61803,28,27,1,1,2025-05-26 00:54:29
2025-05-25T16:55+00:00,500108166,內湖區,YouBike2.0_加瑪科技中心,25.08035,121.5705,13,1,12,1,2025-05-26 00:54:29
2025-05-25T16:55+00:00,500108167,內湖區,YouBike2.0_福壽公園,25.07983,121.59625,14,6,7,1,2025-05-26 00:54:29
2025-05-25T16:55+00:00,500108168,內湖區,YouBike2.0_捷運西湖站(1號出口)內湖路側,25.08227,121.56709,20,5,15,1,2025-05-26 00:54:29
2025-05-25T16:55+00:00,500108169,內湖區,YouBike2.0_威剛科技總部,25.06153,121.60033,25,4,21,1,2025-05-26 00:54:29
2025-05-25T16:55+00:00,500108170,內湖區,YouBike2.0_太陽科技廣場,25.08514,121.56161,15,11,4,1,2025-05-26 00:54:29
2025-05-25T16:55+00:00,500108171,內湖區,YouBike2.0_瑞光路316巷,25.07567,121.57341,20,1,19,1,2025-05-26 00:54:29
2025-05-25T16:55+00:00,500108172,內湖區,YouBike2.0_文德路220巷口,25.07862,121.58796,15,9,6,1,2025-05-26 00:54:29
2025-05-25T16:55+00:00,500108173,內湖區,YouBike2.0_長壽抽水站,25.06099,121.59662,15,6,9,1,2025-05-26 00:54:29
2025-05-25T16:55+00:00,500108174,內湖區,YouBike2.0_捷運葫洲站(2號出口),25.07264,121.60692,20,2,18,1,2025-05-26 00:54:29
2025-05-25T16:55+00:00,500108175,內湖區,YouBike2.0_五分埤,25.07595,121.62257,16,11,5,1,2025-05-26 00:54:29
2025-05-25T16:55+00:00,500108176,內湖區,YouBike2.0_環山路三段1巷(麗山高中),25.08438,121.57876,18,5,13,1,2025-05-26 00:54:29
2025-05-25T16:55+00:00,500108177,內湖區,YouBike2.0_潭美公園(南京東路六段482號),25.06092,121.58898,29,4,25,1,2025-05-26 00:54:29
2025-05-25T16:55+00:00,500108178,內湖區,YouBike2.0_美善公園,25.05703,121.57861,22,21,1,1,2025-05-26 00:54:29
2025-05-25T16:55+00:00,500108179,內湖區,YouBike2.0_潭美公園(新明路298巷),25.05698,121.58173,26,14,12,1,2025-05-26 00:54:29
2025-05-25T16:55+00:00,500108181,內湖區,YouBike2.0_麗山國小(內湖路一段411巷),25.08389,121.57189,22,18,4,1,2025-05-26 00:54:29
2025-05-25T16:55+00:00,500108182,內湖區,YouBike2.0_行善路417巷,25.06468,121.58654,26,2,24,1,2025-05-26 00:54:29
2025-05-25T16:55+00:00,500108183,內湖區,YouBike2.0_明湖國小(康寧路三段165巷23弄),25.07165,121.61177,26,25,1,1,2025-05-26 00:54:29
2025-05-25T16:55+00:00,500108184,內湖區,YouBike2.0_康寧路三段70巷153號,25.06658,121.60803,20,11,9,1,2025-05-26 00:54:29
2025-05-25T16:55+00:00,500108185,內湖區,YouBike2.0_東湖立體停車場,25.0692,121.6122,15,5,10,1,2025-05-26 00:54:29
2025-05-25T16:55+00:00,500108186,內湖區,YouBike2.0_明美公園(南京東路六段451巷口),25.06082,121.58757,30,22,8,1,2025-05-26 00:54:29
2025-05-25T16:55+00:00,500108187,內湖區,YouBike2.0_文德路66巷14弄,25.07712,121.58096,18,9,9,1,2025-05-26 00:54:29
2025-05-25T16:55+00:00,500108188,內湖區,YouBike2.0_捷運東湖站(3號出口),25.06701,121.61194,30,1,29,1,2025-05-26 00:54:29
2025-05-25T16:55+00:00,500108189,內湖區,YouBike2.0_捷運大湖公園站(1號出口),25.08383,121.60253,24,6,18,1,2025-05-26 00:54:29
2025-05-25T16:55+00:00,500108190,內湖區,YouBike2.0_內湖路一段1巷口,25.08533,121.558,20,12,8,1,2025-05-26 00:54:29
2025-05-25T16:55+00:00,500108191,內湖區,YouBike2.0_環山路一段136巷口,25.08645,121.56928,28,22,6,1,2025-05-26 00:54:29
2025-05-25T16:55+00:00,500108192,內湖區,YouBike2.0_上灣公園,25.06572,121.59778,25,9,16,1,2025-05-26 00:54:29
2025-05-25T16:55+00:00,500108193,內湖區,YouBike2.0_湖興公園(成功路),25.06703,121.59048,21,5,16,1,2025-05-26 00:54:29
2025-05-25T16:55+00:00,500108194,內湖區,YouBike2.0_文德三號公園(文德路),25.07834,121.58076,21,14,7,1,2025-05-26 00:54:29
2025-05-25T16:55+00:00,500108195,內湖區,YouBike2.0_康寧路一段218巷2弄口,25.07837,121.59652,18,9,7,1,2025-05-26 00:54:29
2025-05-25T16:55+00:00,500108196,內湖區,YouBike2.0_星雲街210巷口,25.07966,121.59793,16,8,7,1,2025-05-26 00:54:29
2025-05-25T16:55+00:00,500108197,內湖區,YouBike2.0_成功路二段406巷口,25.07077,121.59,20,13,7,1,2025-05-26 00:54:29
2025-05-25T16:55+00:00,500108199,內湖區,YouBike2.0_捷運東湖站(2號出口),25.06769,121.61163,20,8,12,1,2025-05-26 00:54:29
2025-05-25T16:55+00:00,500108200,內湖區,YouBike2.0_民權東路六段280巷155弄口,25.06865,121.60884,21,14,7,1,2025-05-26 00:54:29
2025-05-25T16:55+00:00,500108201,內湖區,YouBike2.0_將軍嶺,25.07457,121.5901,23,19,4,1,2025-05-26 00:54:29
2025-05-25T16:55+00:00,500108202,內湖區,YouBike2.0_文湖街21巷82弄口,25.08899,121.56036,18,11,7,1,2025-05-26 00:54:29
2025-05-25T16:55+00:00,500108203,內湖區,YouBike2.0_西湖公園(內湖路一段387巷),25.08409,121.57066,25,15,9,1,2025-05-26 00:54:29
2025-05-25T16:55+00:00,500108204,內湖區,YouBike2.0_國立臺灣戲曲學院(內湖校區),25.08107,121.58609,28,17,11,1,2025-05-26 00:54:29
2025-05-25T16:55+00:00,500108205,內湖區,YouBike2.0_內湖路一段285巷65弄,25.08443,121.56912,19,9,10,1,2025-05-26 00:54:29
2025-05-25T16:55+00:00,500108206,內湖區,YouBike2.0_西湖國中,25.08466,121.56577,21,2,18,1,2025-05-26 00:54:29
2025-05-25T16:55+00:00,500109001,北投區,YouBike2.0_承德路七段304巷口,25.1168,121.5048,24,23,0,1,2025-05-26 00:54:29
2025-05-25T16:55+00:00,500109002,北投區,YouBike2.0_洲美運動公園,25.10981,121.49886,25,9,16,1,2025-05-26 00:54:29
2025-05-25T16:55+00:00,500109003,北投區,YouBike2.0_榮華二明德路口,25.11357,121.52255,30,22,8,1,2025-05-26 00:54:29
2025-05-25T16:55+00:00,500109004,北投區,YouBike2.0_捷運明德站(1號出口),25.10896,121.51936,23,13,10,1,2025-05-26 00:54:29
2025-05-25T16:55+00:00,500109005,北投區,YouBike2.0_文林建民路口,25.10788,121.51457,25,10,15,1,2025-05-26 00:54:29
2025-05-25T16:55+00:00,500109006,北投區,YouBike2.0_永欣綠地,25.12416,121.52607,37,19,18,1,2025-05-26 00:54:29
2025-05-25T16:55+00:00,500109007,北投區,YouBike2.0_關渡宮,25.11739,121.46288,62,8,54,1,2025-05-26 00:54:29
2025-05-25T16:55+00:00,500109008,北投區,YouBike2.0_關渡自然公園,25.11884,121.46912,35,27,8,1,2025-05-26 00:54:29
2025-05-25T16:55+00:00,500109009,北投區,YouBike2.0_關渡醫院,25.1203,121.4665,14,7,7,1,2025-05-26 00:54:29
2025-05-25T16:55+00:00,500109010,北投區,YouBike2.0_捷運忠義站(1號出口),25.13149,121.47365,30,7,23,1,2025-05-26 00:54:29
2025-05-25T16:55+00:00,500109011,北投區,YouBike2.0_捷運關渡站(1號出口),25.12397,121.46712,99,33,65,1,2025-05-26 00:54:29
2025-05-25T16:55+00:00,500109012,北投區,YouBike2.0_捷運關渡站(2號出口),25.12618,121.46737,22,16,6,1,2025-05-26 00:54:29
2025-05-25T16:55+00:00,500109013,北投區,YouBike2.0_中央北路四段540巷口,25.12796,121.46782,31,24,4,1,2025-05-26 00:54:29
2025-05-25T16:55+00:00,500109014,北投區,YouBike2.0_大度立德路口,25.1231,121.47092,24,6,18,1,2025-05-26 00:54:29
2025-05-25T16:55+00:00,500109015,北投區,YouBike2.0_捷運復興崗站(1號出口),25.1378,121.4863,45,5,40,1,2025-05-26 00:54:29
2025-05-25T16:55+00:00,500109016,北投區,YouBike2.0_捷運復興崗站旅客服務中心,25.13666,121.48159,15,11,4,1,2025-05-26 00:54:29
2025-05-25T16:55+00:00,500109017,北投區,YouBike2.0_豐年公園,25.13475,121.49613,29,17,12,1,2025-05-26 00:54:29
2025-05-25T16:55+00:00,500109018,北投區,YouBike2.0_稻香重三路口,25.13997,121.48967,15,11,4,1,2025-05-26 00:54:29
2025-05-25T16:55+00:00,500109019,北投區,YouBike2.0_國防大學政治作戰學院,25.13776,121.49345,45,39,3,1,2025-05-26 00:54:29
2025-05-25T16:55+00:00,500109020,北投區,YouBike2.0_秀山區民活動中心,25.14582,121.49303,36,22,14,1,2025-05-26 00:54:29
2025-05-25T16:55+00:00,500109022,北投區,YouBike2.0_大業大同街口,25.13691,121.49987,42,31,11,1,2025-05-26 00:54:29
2025-05-25T16:55+00:00,500109023,北投區,YouBike2.0_捷運新北投站,25.13733,121.50339,42,28,12,1,2025-05-26 00:54:29
2025-05-25T16:55+00:00,500109024,北投區,YouBike2.0_捷運北投站,25.13187,121.499,30,1,28,1,2025-05-26 00:54:29
2025-05-25T16:55+00:00,500109025,北投區,YouBike2.0_捷運奇岩站(三合街),25.12634,121.50099,40,22,18,1,2025-05-26 00:54:29
2025-05-25T16:55+00:00,500109026,北投區,YouBike2.0_八仙里辦公處,25.12297,121.50158,25,18,6,1,2025-05-26 00:54:29
2025-05-25T16:55+00:00,500109027,北投區,YouBike2.0_清江國小,25.12725,121.50676,58,47,10,1,2025-05-26 00:54:29
2025-05-25T16:55+00:00,500109028,北投區,YouBike2.0_大業路300巷口,25.12814,121.49782,20,13,6,1,2025-05-26 00:54:29
2025-05-25T16:55+00:00,500109029,北投區,YouBike2.0_立農公園,25.11798,121.50342,21,15,5,1,2025-05-26 00:54:29
2025-05-25T16:55+00:00,500109030,北投區,YouBike2.0_北投奇岩長青樂活大樓,25.12666,121.50373,25,18,7,1,2025-05-26 00:54:29
2025-05-25T16:55+00:00,500109031,北投區,YouBike2.0_捷運唭哩岸站(2號出口),25.12087,121.50523,48,1,47,1,2025-05-26 00:54:29
2025-05-25T16:55+00:00,500109032,北投區,YouBike2.0_北投運動中心,25.11666,121.50962,70,50,20,1,2025-05-26 00:54:29
2025-05-25T16:55+00:00,500109033,北投區,YouBike2.0_陽明大學,25.11912,121.51223,53,37,16,1,2025-05-26 00:54:29
2025-05-25T16:55+00:00,500109034,北投區,YouBike2.0_捷運石牌站(2號出口),25.11451,121.51567,62,12,50,1,2025-05-26 00:54:29
2025-05-25T16:55+00:00,500109035,北投區,YouBike2.0_台北護理大學,25.11752,121.51662,42,17,25,1,2025-05-26 00:54:29
2025-05-25T16:55+00:00,500109036,北投區,YouBike2.0_捷運石牌站(1號出口),25.11542,121.51469,33,9,21,1,2025-05-26 00:54:29
2025-05-25T16:55+00:00,500109037,北投區,YouBike2.0_振興醫院,25.11753,121.52186,36,19,16,1,2025-05-26 00:54:29
2025-05-25T16:55+00:00,500109039,北投區,YouBike2.0_石牌國小,25.1144,121.51307,26,5,21,1,2025-05-26 00:54:29
2025-05-25T16:55+00:00,500109040,北投區,YouBike2.0_振興公園,25.11865,121.5235,25,6,19,1,2025-05-26 00:54:29
2025-05-25T16:55+00:00,500109041,北投區,YouBike2.0_立農國小,25.11978,121.50422,25,14,11,1,2025-05-26 00:54:29
2025-05-25T16:55+00:00,500109042,北投區,YouBike2.0_承德路七段280巷口,25.11587,121.50576,22,10,10,1,2025-05-26 00:54:29
2025-05-25T16:55+00:00,500109043,北投區,YouBike2.0_致遠一路二段11巷,25.11093,121.51382,22,20,2,1,2025-05-26 00:54:29
2025-05-25T16:55+00:00,500109044,北投區,YouBike2.0_榮富公園,25.1137,121.52437,13,5,6,1,2025-05-26 00:54:29
2025-05-25T16:55+00:00,500109045,北投區,YouBike2.0_中正高中,25.10467,121.51654,31,5,26,1,2025-05-26 00:54:29
2025-05-25T16:55+00:00,500109046,北投區,YouBike2.0_立功立德路口,25.12501,121.47158,41,10,31,1,2025-05-26 00:54:29
2025-05-25T16:55+00:00,500109047,北投區,YouBike2.0_桃源國中,25.13485,121.47769,22,5,17,1,2025-05-26 00:54:29
2025-05-25T16:55+00:00,500109048,北投區,YouBike2.0_陽明交大圖書館,25.12081,121.51352,37,18,18,1,2025-05-26 00:54:29
2025-05-25T16:55+00:00,500109049,北投區,YouBike2.0_捷運新北投站(2號出口),25.13675,121.50224,24,12,12,1,2025-05-26 00:54:29
2025-05-25T16:55+00:00,500109050,北投區,YouBike2.0_復興公園,25.13872,121.5021,28,26,2,1,2025-05-26 00:54:29
2025-05-25T16:55+00:00,500109051,北投區,YouBike2.0_承德石牌路口,25.11272,121.50922,17,10,5,1,2025-05-26 00:54:29
2025-05-25T16:55+00:00,500109052,北投區,YouBike2.0_承德路七段188巷口,25.11416,121.50771,16,16,0,1,2025-05-26 00:54:29
2025-05-25T16:55+00:00,500109053,北投區,YouBike2.0_捷運明德站(3號出口),25.11,121.51841,48,21,27,1,2025-05-26 00:54:29
2025-05-25T16:55+00:00,500109054,北投區,YouBike2.0_大豐公園,25.13102,121.50408,39,25,14,1,2025-05-26 00:54:29
2025-05-25T16:55+00:00,500109055,北投區,YouBike2.0_洲美公園,25.10032,121.50599,30,21,8,1,2025-05-26 00:54:29
2025-05-25T16:55+00:00,500109056,北投區,YouBike2.0_中和街455巷11弄,25.14319,121.49621,25,22,3,1,2025-05-26 00:54:29
2025-05-25T16:55+00:00,500109057,北投區,YouBike2.0_洲美蜆仔港公園,25.10065,121.51107,27,4,23,1,2025-05-26 00:54:29
2025-05-25T16:55+00:00,500109058,北投區,YouBike2.0_文化三杏林一路口,25.14058,121.49915,17,11,2,1,2025-05-26 00:54:29
2025-05-25T16:55+00:00,500109059,北投區,YouBike2.0_珠海復興一路口,25.14045,121.50446,28,17,11,1,2025-05-26 00:54:29
2025-05-25T16:55+00:00,500109060,北投區,YouBike2.0_裕民二路33巷,25.11535,121.51736,15,9,6,1,2025-05-26 00:54:29
2025-05-25T16:55+00:00,500109061,北投區,YouBike2.0_新奇岩社會住宅,25.12287,121.5037,12,8,4,1,2025-05-26 00:54:29
2025-05-25T16:55+00:00,500109062,北投區,YouBike2.0_泉源公園,25.14193,121.50835,20,10,10,1,2025-05-26 00:54:29
2025-05-25T16:55+00:00,500109063,北投區,YouBike2.0_奇岩4號綠地,25.12533,121.50573,12,5,7,1,2025-05-26 00:54:29
2025-05-25T16:55+00:00,500109064,北投區,YouBike2.0_臺北健康護理大學(教研大樓),25.11857,121.51846,27,9,17,1,2025-05-26 00:54:29
2025-05-25T16:55+00:00,500109065,北投區,YouBike2.0_奇岩一號公園,25.12862,121.5033,24,0,24,0,2025-05-26 00:54:29
2025-05-25T16:55+00:00,500109066,北投區,YouBike2.0_福星公園,25.1094,121.51248,30,27,2,1,2025-05-26 00:54:29
2025-05-25T16:55+00:00,500109067,北投區,YouBike2.0_中庸公園,25.13774,121.50142,12,10,1,1,2025-05-26 00:54:29
2025-05-25T16:55+00:00,500109068,北投區,YouBike2.0_豐年公園_1,25.13529,121.49664,33,14,16,1,2025-05-26 00:54:29
2025-05-25T16:55+00:00,500109070,北投區,YouBike2.0_光明溫泉路口,25.13431,121.50226,30,19,10,1,2025-05-26 00:54:29
2025-05-25T16:55+00:00,500109071,北投區,YouBike2.0_和信治癌中心醫院,25.12757,121.47207,25,4,21,1,2025-05-26 00:54:29
2025-05-25T16:55+00:00,500109072,北投區,YouBike2.0_致遠新村,25.14319,121.49093,22,18,4,1,2025-05-26 00:54:29
2025-05-25T16:55+00:00,500109073,北投區,YouBike2.0_北投公園露天溫泉,25.13684,121.50792,15,2,13,1,2025-05-26 00:54:29
2025-05-25T16:55+00:00,500109074,北投區,YouBike2.0_中和街493巷9弄口,25.1439,121.49447,16,6,4,1,2025-05-26 00:54:29
2025-05-25T16:55+00:00,500109075,北投區,YouBike2.0_捷運北投站(1號出口),25.13258,121.49862,58,0,58,1,2025-05-26 00:54:29
2025-05-25T16:55+00:00,500109076,北投區,YouBike2.0_石牌立農街口,25.11879,121.51921,29,0,29,1,2025-05-26 00:54:29
2025-05-25T16:55+00:00,500109077,北投區,YouBike2.0_捷運唭哩岸站(1號出口),25.12082,121.50727,20,6,14,1,2025-05-26 00:54:29
2025-05-25T16:55+00:00,500109078,北投區,YouBike2.0_大興光明路2巷口,25.13043,121.50017,14,2,12,1,2025-05-26 00:54:29
2025-05-25T16:55+00:00,500109079,北投區,YouBike2.0_捷運忠義站(2號出口),25.13076,121.47347,33,29,4,1,2025-05-26 00:54:29
2025-05-25T16:55+00:00,500109080,北投區,YouBike2.0_福國承德路口,25.10171,121.51263,15,8,7,1,2025-05-26 00:54:29
2025-05-25T16:55+00:00,500109081,北投區,YouBike2.0_捷運北投站(1號出口)(北投路側),25.13201,121.49817,40,0,40,1,2025-05-26 00:54:29
2025-05-25T16:55+00:00,500109082,北投區,YouBike2.0_華固創富中心,25.10392,121.51244,15,4,11,1,2025-05-26 00:54:29
2025-05-25T16:55+00:00,500109084,北投區,YouBike2.0_崇仰公園(公舘路255巷),25.12595,121.51098,20,11,9,1,2025-05-26 00:54:29
2025-05-25T16:55+00:00,500109085,北投區,YouBike2.0_北投文化公園(北側),25.13713,121.49706,20,13,3,1,2025-05-26 00:54:29
2025-05-25T16:55+00:00,500109086,北投區,YouBike2.0_中和綠地,25.1419,121.4989,30,16,14,1,2025-05-26 00:54:29
2025-05-25T16:55+00:00,500109087,北投區,YouBike2.0_大業路65巷口,25.12307,121.49906,25,9,16,1,2025-05-26 00:54:29
2025-05-25T16:55+00:00,500109088,北投區,YouBike2.0_公舘承德路口,25.11969,121.50169,25,10,15,1,2025-05-26 00:54:29
2025-05-25T16:55+00:00,500109089,北投區,YouBike2.0_文林北明德路口(東北側),25.10576,121.5173,15,13,2,1,2025-05-26 00:54:29
2025-05-25T16:55+00:00,500109091,北投區,YouBike2.0_永興路一段32巷口,25.13905,121.50012,12,8,3,1,2025-05-26 00:54:29
2025-05-25T16:55+00:00,500109092,北投區,YouBike2.0_國立陽明交通大學(甲棟),25.11944,121.51453,30,4,26,1,2025-05-26 00:54:29
2025-05-25T16:55+00:00,500109093,北投區,YouBike2.0_關渡國中,25.11955,121.46735,24,17,7,1,2025-05-26 00:54:29
2025-05-25T16:55+00:00,500109094,北投區,YouBike2.0_立功街55巷口,25.12518,121.46922,21,2,18,1,2025-05-26 00:54:29
2025-05-25T16:55+00:00,500109095,北投區,YouBike2.0_承德路七段401巷(洲美橋下),25.11483,121.49934,25,7,18,1,2025-05-26 00:54:29
2025-05-25T16:55+00:00,500109096,北投區,YouBike2.0_大業路(農禪寺),25.12231,121.49964,16,5,10,1,2025-05-26 00:54:29
2025-05-25T16:55+00:00,500109097,北投區,YouBike2.0_中國電影製片廠,25.13843,121.48802,15,2,10,1,2025-05-26 00:54:29
2025-05-25T16:55+00:00,500109098,北投區,YouBike2.0_北投新興公園,25.13997,121.48711,15,7,7,1,2025-05-26 00:54:29
2025-05-25T16:55+00:00,500109099,北投區,YouBike2.0_捷運石牌站(2號出口)(西安街一段),25.11332,121.51615,23,1,22,1,2025-05-26 00:54:29
2025-05-25T16:55+00:00,500109100,北投區,YouBike2.0_華碩立功大樓,25.12771,121.47071,15,3,11,1,2025-05-26 00:54:29
2025-05-25T16:55+00:00,500109101,北投區,YouBike2.0_關渡碼頭,25.12066,121.46228,50,10,40,1,2025-05-26 00:54:29
2025-05-25T16:55+00:00,500109102,北投區,YouBike2.0_珠海路(48號公園),25.14262,121.51218,21,16,5,1,2025-05-26 00:54:29
2025-05-25T16:55+00:00,500109103,北投區,YouBike2.0_承德文林北路口(西側),25.11032,121.51097,16,10,6,1,2025-05-26 00:54:29
2025-05-25T16:55+00:00,500109104,北投區,YouBike2.0_石牌路二段324巷口,25.12164,121.52404,15,12,3,1,2025-05-26 00:54:29
2025-05-25T16:55+00:00,500109105,北投區,YouBike2.0_北投文化公園(中央北路),25.13632,121.49686,16,5,9,1,2025-05-26 00:54:29
2025-05-25T16:55+00:00,500109106,北投區,YouBike2.0_泉源路23巷口,25.13939,121.50571,25,7,17,1,2025-05-26 00:54:29
2025-05-25T16:55+00:00,500109107,北投區,YouBike2.0_大業路667巷口,25.13709,121.4996,23,9,14,1,2025-05-26 00:54:29
2025-05-25T16:55+00:00,500109108,北投區,YouBike2.0_幼華中學(大業路),25.13372,121.49602,26,4,21,1,2025-05-26 00:54:29
2025-05-25T16:55+00:00,500109109,北投區,YouBike2.0_溫泉路68巷6弄口,25.13401,121.50564,19,11,8,1,2025-05-26 00:54:29
2025-05-25T16:55+00:00,500109111,北投區,YouBike2.0_文林橋(文林北路75巷),25.10192,121.51719,25,12,13,1,2025-05-26 00:54:29
2025-05-25T16:55+00:00,500110002,松山區,YouBike2.0_捷運松山站(4號出口),25.04987,121.57785,19,5,14,1,2025-05-26 00:54:29
2025-05-25T16:55+00:00,500110003,松山區,YouBike2.0_塔悠八德路口,25.05009,121.57202,34,9,25,1,2025-05-26 00:54:29
2025-05-25T16:55+00:00,500110004,松山區,YouBike2.0_鵬程公園,25.05503,121.56876,24,14,10,1,2025-05-26 00:54:29
2025-05-25T16:55+00:00,500110005,松山區,YouBike2.0_中崙高中,25.04878,121.56087,77,25,52,1,2025-05-26 00:54:29
2025-05-25T16:55+00:00,500110006,松山區,YouBike2.0_捷運南京三民站(2號出口),25.05136,121.56283,19,3,16,1,2025-05-26 00:54:29
2025-05-25T16:55+00:00,500110007,松山區,YouBike2.0_捷運南京三民站(1號出口),25.05155,121.5636,39,7,32,1,2025-05-26 00:54:29
2025-05-25T16:55+00:00,500110008,松山區,YouBike2.0_光復北路11巷口,25.04937,121.558,31,14,17,1,2025-05-26 00:54:29
2025-05-25T16:55+00:00,500110009,松山區,YouBike2.0_捷運南京三民站(4號出口),25.05152,121.5646,13,1,12,1,2025-05-26 00:54:29
2025-05-25T16:55+00:00,500110010,松山區,YouBike2.0_西松高中,25.05492,121.56701,14,6,8,1,2025-05-26 00:54:29
2025-05-25T16:55+00:00,500110011,松山區,YouBike2.0_民權復興路口,25.0622,121.54565,36,27,8,1,2025-05-26 00:54:29
2025-05-25T16:55+00:00,500110012,松山區,YouBike2.0_民福三號綠地,25.06374,121.54767,20,12,7,1,2025-05-26 00:54:29
2025-05-25T16:55+00:00,500110013,松山區,YouBike2.0_民有一號公園,25.06095,121.54731,41,23,17,1,2025-05-26 00:54:29
2025-05-25T16:55+00:00,500110014,松山區,YouBike2.0_民生敦化路口,25.05804,121.54897,66,37,28,1,2025-05-26 00:54:29
2025-05-25T16:55+00:00,500110015,松山區,YouBike2.0_松基公園,25.0546,121.54486,20,2,18,1,2025-05-26 00:54:29
2025-05-25T16:55+00:00,500110016,松山區,YouBike2.0_三民路166巷口,25.0619,121.56328,12,2,10,1,2025-05-26 00:54:29
2025-05-25T16:55+00:00,500110017,松山區,YouBike2.0_民生活動中心,25.05907,121.56305,43,9,34,1,2025-05-26 00:54:29
2025-05-25T16:55+00:00,500110018,松山區,YouBike2.0_捷運小巨蛋站(2號出口),25.05157,121.55118,26,16,10,1,2025-05-26 00:54:29
2025-05-25T16:55+00:00,500110019,松山區,YouBike2.0_臺北市藝文推廣處,25.04826,121.55235,45,18,27,1,2025-05-26 00:54:29
2025-05-25T16:55+00:00,500110020,松山區,YouBike2.0_民生國小(敦化北路199巷),25.05633,121.55286,20,13,7,1,2025-05-26 00:54:29
2025-05-25T16:55+00:00,500110021,松山區,YouBike2.0_敦北公園,25.06118,121.55098,48,8,39,1,2025-05-26 00:54:29
2025-05-25T16:55+00:00,500110022,松山區,YouBike2.0_民權運動公園,25.062,121.56019,44,31,11,1,2025-05-26 00:54:29
2025-05-25T16:55+00:00,500110023,松山區,YouBike2.0_新東公園,25.05925,121.56888,51,39,11,1,2025-05-26 00:54:29
2025-05-25T16:55+00:00,500110024,松山區,YouBike2.0_民生光復路口,25.05834,121.55496,33,17,16,1,2025-05-26 00:54:29
2025-05-25T16:55+00:00,500110025,松山區,YouBike2.0_三民公園,25.061286751494,121.566678992451,27,22,3,1,2025-05-26 00:54:29
2025-05-25T16:55+00:00,500110026,松山區,YouBike2.0_八德路三段74巷口,25.04459,121.55252,17,16,1,1,2025-05-26 00:54:29
2025-05-25T16:55+00:00,500110027,松山區,YouBike2.0_八德路三段8巷口,25.04488,121.54992,15,6,9,1,2025-05-26 00:54:29
2025-05-25T16:55+00:00,500110028,松山區,YouBike2.0_三軍總醫院(松山分院),25.05419,121.55631,43,17,25,1,2025-05-26 00:54:29
2025-05-25T16:55+00:00,500110029,松山區,YouBike2.0_平安新城,25.05528,121.559,16,8,4,1,2025-05-26 00:54:29
2025-05-25T16:55+00:00,500110030,松山區,YouBike2.0_健康社會住宅,25.05433,121.56545,20,9,11,1,2025-05-26 00:54:29
2025-05-25T16:55+00:00,500110031,松山區,YouBike2.0_民權光復路口(東北側),25.06206,121.55475,24,6,18,1,2025-05-26 00:54:29
2025-05-25T16:55+00:00,500110032,松山區,YouBike2.0_市民東興路口,25.0484,121.56586,30,10,20,1,2025-05-26 00:54:29
2025-05-25T16:55+00:00,500110033,松山區,YouBike2.0_光復南路22巷口,25.04693,121.55771,29,22,5,1,2025-05-26 00:54:29
2025-05-25T16:55+00:00,500110034,松山區,YouBike2.0_光復南路46巷,25.04606,121.55665,23,0,23,0,2025-05-26 00:54:29
2025-05-25T16:55+00:00,500110035,松山區,YouBike2.0_松山新城,25.05347,121.55436,27,20,7,1,2025-05-26 00:54:29
2025-05-25T16:55+00:00,500110036,松山區,YouBike2.0_國土管理署,25.04769,121.5448,33,25,8,1,2025-05-26 00:54:29
2025-05-25T16:55+00:00,500110037,松山區,YouBike2.0_南京光復路口,25.05143,121.55716,31,4,25,1,2025-05-26 00:54:29
2025-05-25T16:55+00:00,500110038,松山區,YouBike2.0_民生立體停車場,25.05846,121.55947,24,16,7,1,2025-05-26 00:54:29
2025-05-25T16:55+00:00,500110039,松山區,YouBike2.0_健康新城,25.05408,121.56095,44,29,13,1,2025-05-26 00:54:29
2025-05-25T16:55+00:00,500110040,松山區,YouBike2.0_健安新城,25.05606,121.56345,30,16,13,1,2025-05-26 00:54:29
2025-05-25T16:55+00:00,500110041,松山區,YouBike2.0_復盛公園,25.04763,121.56115,37,31,3,1,2025-05-26 00:54:29
2025-05-25T16:55+00:00,500110042,松山區,YouBike2.0_中崙福成宮,25.04524,121.54659,31,23,7,1,2025-05-26 00:54:29
2025-05-25T16:55+00:00,500110043,松山區,YouBike2.0_捷運南京復興站(7號出口),25.05278,121.54478,15,8,7,1,2025-05-26 00:54:29
2025-05-25T16:55+00:00,500110044,松山區,YouBike2.0_捷運南京復興站(5號出口),25.05168,121.54506,52,26,26,1,2025-05-26 00:54:29
2025-05-25T16:55+00:00,500110045,松山區,YouBike2.0_塔悠疏散門,25.0648,121.56788,32,14,17,1,2025-05-26 00:54:29
2025-05-25T16:55+00:00,500110046,松山區,YouBike2.0_臺北田徑場,25.04951,121.54941,47,13,34,1,2025-05-26 00:54:29
2025-05-25T16:55+00:00,500110047,松山區,YouBike2.0_捷運小巨蛋站(5號出口),25.05176,121.55352,22,4,16,1,2025-05-26 00:54:29
2025-05-25T16:55+00:00,500110048,松山區,YouBike2.0_敦化長春路口,25.0536,121.54871,34,6,27,1,2025-05-26 00:54:29
2025-05-25T16:55+00:00,500110049,松山區,YouBike2.0_饒河疏散門(基四號疏散門),25.05147,121.57683,19,0,18,1,2025-05-26 00:54:29
2025-05-25T16:55+00:00,500110050,松山區,YouBike2.0_捷運松山站(2號出口),25.05013,121.57635,14,1,12,1,2025-05-26 00:54:29
2025-05-25T16:55+00:00,500110051,松山區,YouBike2.0_民權東路三段106巷口,25.062,121.54472,22,5,17,1,2025-05-26 00:54:29
2025-05-25T16:55+00:00,500110052,松山區,YouBike2.0_南京東路五段59巷口,25.05163,121.55907,17,11,5,1,2025-05-26 00:54:29
2025-05-25T16:55+00:00,500110053,松山區,YouBike2.0_三民公園(塔悠路),25.06241,121.56831,20,13,7,1,2025-05-26 00:54:29
2025-05-25T16:55+00:00,500110054,松山區,YouBike2.0_寶清公園,25.05198,121.5681,19,10,4,1,2025-05-26 00:54:29
2025-05-25T16:55+00:00,500110055,松山區,YouBike2.0_西松公園,25.05406,121.56407,11,6,5,1,2025-05-26 00:54:29
2025-05-25T16:55+00:00,500110056,松山區,YouBike2.0_長壽公園,25.05378,121.55893,22,12,10,1,2025-05-26 00:54:29
2025-05-25T16:55+00:00,500110057,松山區,YouBike2.0_復源公園,25.04634,121.5542,14,7,4,1,2025-05-26 00:54:29
2025-05-25T16:55+00:00,500110058,松山區,YouBike2.0_南京東路四段179巷口,25.05173,121.55609,13,3,10,1,2025-05-26 00:54:29
2025-05-25T16:55+00:00,500110059,松山區,YouBike2.0_臺北田徑場(北寧路側),25.04954,121.55261,37,18,19,1,2025-05-26 00:54:29
2025-05-25T16:55+00:00,500110060,松山區,YouBike2.0_西松高中(健康路325巷),25.05567,121.56713,31,8,22,1,2025-05-26 00:54:29
2025-05-25T16:55+00:00,500110061,松山區,YouBike2.0_南京東興路口,25.05149,121.56535,30,21,8,1,2025-05-26 00:54:29
2025-05-25T16:55+00:00,500110062,松山區,YouBike2.0_捷運松山站(3號出口),25.04962,121.57746,52,3,48,1,2025-05-26 00:54:29
2025-05-25T16:55+00:00,500110063,松山區,YouBike2.0_介壽國中,25.05722,121.55706,30,17,12,1,2025-05-26 00:54:29
2025-05-25T16:55+00:00,500110064,松山區,YouBike2.0_敦化南京路口(東北側),25.05226,121.54926,25,3,21,1,2025-05-26 00:54:29
2025-05-25T16:55+00:00,500110065,松山區,YouBike2.0_敦化八德路口,25.04802,121.54864,55,15,40,1,2025-05-26 00:54:29
2025-05-25T16:55+00:00,500110066,松山區,YouBike2.0_新東街51巷口,25.0615,121.56332,30,7,22,1,2025-05-26 00:54:29
2025-05-25T16:55+00:00,500110067,松山區,YouBike2.0_八德立體停車場,25.04985,121.57189,34,22,12,1,2025-05-26 00:54:29
2025-05-25T16:55+00:00,500110068,松山區,YouBike2.0_長春慶城街口,25.05452,121.54636,28,2,25,1,2025-05-26 00:54:29
2025-05-25T16:55+00:00,500110069,松山區,YouBike2.0_八德路四段652巷口,25.04942,121.57503,20,4,16,1,2025-05-26 00:54:29
2025-05-25T16:55+00:00,500110070,松山區,YouBike2.0_捷運松山站(1號出口),25.05014,121.57692,15,1,14,1,2025-05-26 00:54:29
2025-05-25T16:55+00:00,500110071,松山區,YouBike2.0_捷運小巨蛋站(3號出口),25.05152,121.55243,28,2,26,1,2025-05-26 00:54:29
2025-05-25T16:55+00:00,500110072,松山區,YouBike2.0_捷運小巨蛋站(5號出口)_1,25.05181,121.5521,20,1,19,1,2025-05-26 00:54:29
2025-05-25T16:55+00:00,500110073,松山區,YouBike2.0_敦化北路155巷口,25.0542,121.5491,30,11,19,1,2025-05-26 00:54:29
2025-05-25T16:55+00:00,500110074,松山區,YouBike2.0_民生復興路口,25.05764,121.54443,15,7,8,1,2025-05-26 00:54:29
2025-05-25T16:55+00:00,500110076,松山區,YouBike2.0_市民延吉街口,25.0444,121.55397,30,4,26,1,2025-05-26 00:54:29
2025-05-25T16:55+00:00,500110077,松山區,YouBike2.0_龍城市場,25.05454,121.55417,22,14,5,1,2025-05-26 00:54:29
2025-05-25T16:55+00:00,500110078,松山區,YouBike2.0_捷運南京三民站(3號出口),25.05129,121.56426,28,12,16,1,2025-05-26 00:54:29
2025-05-25T16:55+00:00,500110079,松山區,YouBike2.0_塔悠基隆路口(麥帥一橋下),25.05139,121.57062,20,12,8,1,2025-05-26 00:54:29
2025-05-25T16:55+00:00,500110080,松山區,YouBike2.0_五常街370巷,25.06432,121.54537,11,5,6,1,2025-05-26 00:54:29
2025-05-25T16:55+00:00,500110081,松山區,YouBike2.0_延壽街119巷口,25.05708,121.56486,15,13,1,1,2025-05-26 00:54:29
2025-05-25T16:55+00:00,500110082,松山區,YouBike2.0_市民東寧路口,25.04742,121.56305,23,9,13,1,2025-05-26 00:54:29
2025-05-25T16:55+00:00,500110083,松山區,YouBike2.0_民福簡易綠地,25.06589,121.54529,15,13,2,1,2025-05-26 00:54:29
2025-05-25T16:55+00:00,500110084,松山區,YouBike2.0_三民國小(撫遠街),25.06457,121.56458,26,21,5,1,2025-05-26 00:54:29
2025-05-25T16:55+00:00,500110085,松山區,YouBike2.0_民生郵局,25.05936,121.56586,14,10,2,1,2025-05-26 00:54:29
2025-05-25T16:55+00:00,500110086,松山區,YouBike2.0_民權敦化路口(西北側),25.06185,121.55,24,6,17,1,2025-05-26 00:54:29
2025-05-25T16:55+00:00,500110087,松山區,YouBike2.0_寶清八德路口(北側),25.05028,121.56879,19,15,3,1,2025-05-26 00:54:29
2025-05-25T16:55+00:00,500110088,松山區,YouBike2.0_民生東路三段140巷口,25.056,121.5467,15,9,6,1,2025-05-26 00:54:29
2025-05-25T16:55+00:00,500110089,松山區,YouBike2.0_新東延壽街口,25.05725,121.56608,24,11,10,1,2025-05-26 00:54:29
2025-05-25T16:55+00:00,500110090,松山區,YouBike2.0_健康公園,25.05434,121.56878,26,14,11,1,2025-05-26 00:54:29
2025-05-25T16:55+00:00,500110091,松山區,YouBike2.0_新中街4巷口,25.05779,121.56167,36,19,11,1,2025-05-26 00:54:29
2025-05-25T16:55+00:00,500110092,松山區,YouBike2.0_光復北富錦街口,25.06054,121.55489,25,7,16,1,2025-05-26 00:54:29
2025-05-25T16:55+00:00,500110093,松山區,YouBike2.0_松山國小(東北側),25.05141,121.57972,24,3,20,1,2025-05-26 00:54:29
2025-05-25T16:55+00:00,500110095,松山區,YouBike2.0_基六號疏散門,25.06575,121.568,33,7,26,1,2025-05-26 00:54:29
2025-05-25T16:55+00:00,500110096,松山區,YouBike2.0_民權三民路口,25.06293,121.56296,20,2,17,1,2025-05-26 00:54:29
2025-05-25T16:55+00:00,500110097,松山區,YouBike2.0_民權運動公園(北側),25.06198,121.55711,30,18,11,1,2025-05-26 00:54:29
2025-05-25T16:55+00:00,500110098,松山區,YouBike2.0_中崙高中停車場,25.05023,121.56153,25,3,22,1,2025-05-26 00:54:29
2025-05-25T16:55+00:00,500111001,南港區,YouBike2.0_南港公園(東新街),25.04591,121.59226,25,22,3,1,2025-05-26 00:54:29
2025-05-25T16:55+00:00,500111002,南港區,YouBike2.0_南港公園(福德街),25.04128,121.59089,56,23,33,1,2025-05-26 00:54:29
2025-05-25T16:55+00:00,500111003,南港區,YouBike2.0_捷運昆陽站(1號出口),25.05014,121.59238,65,6,59,1,2025-05-26 00:54:29
2025-05-25T16:55+00:00,500111004,南港區,YouBike2.0_忠孝東路六段225巷口,25.04919,121.58832,35,31,4,1,2025-05-26 00:54:29
2025-05-25T16:55+00:00,500111005,南港區,YouBike2.0_捷運後山埤站(1號出口),25.04437,121.58133,53,0,53,1,2025-05-26 00:54:29
2025-05-25T16:55+00:00,500111006,南港區,YouBike2.0_合樂公園,25.04843,121.58154,15,10,5,1,2025-05-26 00:54:29
2025-05-25T16:55+00:00,500111007,南港區,YouBike2.0_合心廣場,25.04608,121.58315,43,18,25,1,2025-05-26 00:54:29
2025-05-25T16:55+00:00,500111008,南港區,YouBike2.0_成德國中,25.04592,121.5882,44,32,10,1,2025-05-26 00:54:29
2025-05-25T16:55+00:00,500111009,南港區,YouBike2.0_玉成公園,25.04281,121.58613,36,26,10,1,2025-05-26 00:54:29
2025-05-25T16:55+00:00,500111010,南港區,YouBike2.0_研究院舊莊街口,25.04239,121.61683,30,16,14,1,2025-05-26 00:54:29
2025-05-25T16:55+00:00,500111011,南港區,YouBike2.0_中研院綜合體育館東側,25.04054,121.61374,30,1,29,1,2025-05-26 00:54:29
2025-05-25T16:55+00:00,500111012,南港區,YouBike2.0_國家生技園區,25.04763,121.61145,38,0,38,1,2025-05-26 00:54:29
2025-05-25T16:55+00:00,500111013,南港區,YouBike2.0_捷運南港展覽館站(5號出口),25.05469,121.61669,73,2,71,1,2025-05-26 00:54:29
2025-05-25T16:55+00:00,500111014,南港區,YouBike2.0_中研公園,25.04697,121.61375,40,38,2,1,2025-05-26 00:54:29
2025-05-25T16:55+00:00,500111015,南港區,YouBike2.0_福山公園,25.04499,121.61775,30,25,5,1,2025-05-26 00:54:29
2025-05-25T16:55+00:00,500111016,南港區,YouBike2.0_舊莊區民活動中心,25.04139,121.6191,34,25,9,1,2025-05-26 00:54:29
2025-05-25T16:55+00:00,500111017,南港區,YouBike2.0_凌雲市場,25.03564,121.61415,35,24,11,1,2025-05-26 00:54:29
2025-05-25T16:55+00:00,500111018,南港區,YouBike2.0_市民大道八段532號,25.054,121.61334,15,7,8,1,2025-05-26 00:54:29
2025-05-25T16:55+00:00,500111019,南港區,YouBike2.0_捷運南港軟體園區(2號出口),25.05933,121.61677,70,0,70,1,2025-05-26 00:54:29
2025-05-25T16:55+00:00,500111020,南港區,YouBike2.0_南港國小,25.05668,121.61137,41,8,33,1,2025-05-26 00:54:29
2025-05-25T16:55+00:00,500111021,南港區,YouBike2.0_興中立體停車場(興中路),25.05629,121.607,26,5,21,1,2025-05-26 00:54:29
2025-05-25T16:55+00:00,500111022,南港區,YouBike2.0_臺北市立圖書館南港分館,25.05485,121.60866,40,14,26,1,2025-05-26 00:54:29
2025-05-25T16:55+00:00,500111023,南港區,YouBike2.0_東陽公園,25.05716,121.59792,48,23,24,1,2025-05-26 00:54:29
2025-05-25T16:55+00:00,500111024,南港區,YouBike2.0_向陽南港路口,25.05437,121.59423,44,13,31,1,2025-05-26 00:54:29
2025-05-25T16:55+00:00,500111025,南港區,YouBike2.0_南港車站(忠孝東路七段415巷),25.05252,121.60922,11,0,11,1,2025-05-26 00:54:29
2025-05-25T16:55+00:00,500111026,南港區,YouBike2.0_捷運南港站(2號出口),25.05201,121.60741,23,11,12,1,2025-05-26 00:54:29
2025-05-25T16:55+00:00,500111027,南港區,YouBike2.0_捷運南港站(1號出口),25.05192,121.60642,20,14,6,1,2025-05-26 00:54:29
2025-05-25T16:55+00:00,500111028,南港區,YouBike2.0_東新國小,25.05507,121.6028,22,8,14,1,2025-05-26 00:54:29
2025-05-25T16:55+00:00,500111029,南港區,YouBike2.0_中華科技大學,25.03392,121.60985,20,3,17,1,2025-05-26 00:54:29
2025-05-25T16:55+00:00,500111030,南港區,YouBike2.0_六福公園,25.04681,121.61703,19,12,7,1,2025-05-26 00:54:29
2025-05-25T16:55+00:00,500111031,南港區,YouBike2.0_南港加壓站,25.04805,121.61594,24,23,0,1,2025-05-26 00:54:29
2025-05-25T16:55+00:00,500111032,南港區,YouBike2.0_臺北流行音樂中心(南港路),25.05343,121.59945,21,6,15,1,2025-05-26 00:54:29
2025-05-25T16:55+00:00,500111033,南港區,YouBike2.0_興南公園,25.05766,121.60396,26,14,12,1,2025-05-26 00:54:29
2025-05-25T16:55+00:00,500111034,南港區,YouBike2.0_臺北流行音樂中心(市民大道),25.05211,121.59839,32,6,26,1,2025-05-26 00:54:29
2025-05-25T16:55+00:00,500111035,南港區,YouBike2.0_南港車站(市民大道),25.05326,121.60656,30,0,30,1,2025-05-26 00:54:29
2025-05-25T16:55+00:00,500111036,南港區,YouBike2.0_忠孝東路七段527巷口,25.05266,121.61275,26,10,16,1,2025-05-26 00:54:29
2025-05-25T16:55+00:00,500111037,南港區,YouBike2.0_南港軟體園區(新民街),25.05627,121.61369,25,0,25,1,2025-05-26 00:54:29
2025-05-25T16:55+00:00,500111038,南港區,YouBike2.0_世貿公園,25.05831,121.61422,35,1,34,1,2025-05-26 00:54:29
2025-05-25T16:55+00:00,500111039,南港區,YouBike2.0_凌雲五村(研究院路三段8巷),25.03595,121.61688,26,13,13,1,2025-05-26 00:54:29
2025-05-25T16:55+00:00,500111040,南港區,YouBike2.0_新新公園(昆陽街60巷),25.0521,121.59053,20,7,13,1,2025-05-26 00:54:29
2025-05-25T16:55+00:00,500111041,南港區,YouBike2.0_南港高中(昆陽街),25.05285,121.59279,26,7,19,1,2025-05-26 00:54:29
2025-05-25T16:55+00:00,500111042,南港區,YouBike2.0_南港路三段290巷口,25.05234,121.58152,20,16,3,1,2025-05-26 00:54:29
2025-05-25T16:55+00:00,500111043,南港區,YouBike2.0_南港路三段220巷口,25.05289,121.58599,25,14,11,1,2025-05-26 00:54:29
2025-05-25T16:55+00:00,500111044,南港區,YouBike2.0_南港東新街口,25.05168,121.58284,28,17,11,1,2025-05-26 00:54:29
2025-05-25T16:55+00:00,500111045,南港區,YouBike2.0_八德中坡路口,25.05064,121.5803,40,9,31,1,2025-05-26 00:54:29
2025-05-25T16:55+00:00,500111046,南港區,YouBike2.0_捷運後山埤站(3號出口),25.04511,121.5836,18,1,17,1,2025-05-26 00:54:29
2025-05-25T16:55+00:00,500111047,南港區,YouBike2.0_玉成公園運動中心,25.04193,121.58493,26,12,14,1,2025-05-26 00:54:29
2025-05-25T16:55+00:00,500111048,南港區,YouBike2.0_百福公園,25.03884,121.58788,25,18,7,1,2025-05-26 00:54:29
2025-05-25T16:55+00:00,500111049,南港區,YouBike2.0_南湖大橋(經貿二路255巷),25.06148,121.61384,20,3,17,1,2025-05-26 00:54:29
2025-05-25T16:55+00:00,500111050,南港區,YouBike2.0_園區重陽路口,25.05937,121.61072,21,4,16,1,2025-05-26 00:54:29
2025-05-25T16:55+00:00,500111051,南港區,YouBike2.0_南港車站B棟(市民大道),25.05293,121.60549,24,8,16,1,2025-05-26 00:54:29
2025-05-25T16:55+00:00,500111052,南港區,YouBike2.0_胡適公園,25.04014,121.61766,25,9,16,1,2025-05-26 00:54:29
2025-05-25T16:55+00:00,500111053,南港區,YouBike2.0_南港抽水站,25.06164,121.61267,19,15,4,1,2025-05-26 00:54:29
2025-05-25T16:55+00:00,500111054,南港區,YouBike2.0_經貿公園,25.06271,121.61597,20,12,8,1,2025-05-26 00:54:29
2025-05-25T16:55+00:00,500111055,南港區,YouBike2.0_育成高中,25.05853,121.60983,33,9,24,1,2025-05-26 00:54:29
2025-05-25T16:55+00:00,500111056,南港區,YouBike2.0_捷運南港展覽館站(7號出口),25.05436,121.6181,42,8,9,1,2025-05-26 00:54:29
2025-05-25T16:55+00:00,500111057,南港區,YouBike2.0_力行橋(南港),25.05172,121.61686,18,14,2,1,2025-05-26 00:54:29
2025-05-25T16:55+00:00,500111058,南港區,YouBike2.0_舊莊國小(舊莊街一段),25.03987,121.62015,18,7,10,1,2025-05-26 00:54:29
2025-05-25T16:55+00:00,500111059,南港區,YouBike2.0_向陽公園,25.05705,121.59265,24,19,4,1,2025-05-26 00:54:29
2025-05-25T16:55+00:00,500111060,南港區,YouBike2.0_小彎社會住宅,25.0582,121.59368,51,31,19,1,2025-05-26 00:54:29
2025-05-25T16:55+00:00,500111061,南港區,YouBike2.0_捷運南港展覽館站(6號出口),25.05465,121.6185,25,10,15,1,2025-05-26 00:54:29
2025-05-25T16:55+00:00,500111062,南港區,YouBike2.0_捷運南港展覽館站(4號出口),25.05535,121.61838,39,0,38,1,2025-05-26 00:54:29
2025-05-25T16:55+00:00,500111063,南港區,YouBike2.0_成德綠地,25.04675,121.58731,17,4,13,1,2025-05-26 00:54:29
2025-05-25T16:55+00:00,500111064,南港區,YouBike2.0_南港公園(東新街170巷),25.04134,121.59323,16,13,2,1,2025-05-26 00:54:29
2025-05-25T16:55+00:00,500111065,南港區,YouBike2.0_中坡市民路口(東北側),25.04969,121.58028,27,4,23,1,2025-05-26 00:54:29
2025-05-25T16:55+00:00,500111066,南港區,YouBike2.0_昆陽公園,25.0483,121.59425,14,10,3,1,2025-05-26 00:54:29
2025-05-25T16:55+00:00,500111067,南港區,YouBike2.0_南港路二段178巷口,25.05368,121.59969,18,11,6,1,2025-05-26 00:54:29
2025-05-25T16:55+00:00,500111068,南港區,YouBike2.0_南港車站(忠孝東路),25.05225,121.60766,24,0,24,1,2025-05-26 00:54:29
2025-05-25T16:55+00:00,500111069,南港區,YouBike2.0_南港車站(興華路),25.05343,121.60633,48,0,48,1,2025-05-26 00:54:29
2025-05-25T16:55+00:00,500111070,南港區,YouBike2.0_玉成公園(成福路178巷口),25.04177,121.58735,27,17,10,1,2025-05-26 00:54:29
2025-05-25T16:55+00:00,500111071,南港區,YouBike2.0_玉東公園(東新街),25.04998,121.58383,25,18,7,1,2025-05-26 00:54:29
2025-05-25T16:55+00:00,500111072,南港區,YouBike2.0_南港出租國宅社區,25.03878,121.59302,25,12,12,1,2025-05-26 00:54:29
2025-05-25T16:55+00:00,500111073,南港區,YouBike2.0_成福路197巷口,25.04066,121.58877,15,7,4,1,2025-05-26 00:54:29
2025-05-25T16:55+00:00,500111074,南港區,YouBike2.0_南港疏散門(基三號疏散門),25.05543,121.5892,24,13,11,1,2025-05-26 00:54:29
2025-05-25T16:55+00:00,500111075,南港區,YouBike2.0_成德立體停車場,25.04557,121.58629,17,14,3,1,2025-05-26 00:54:29
2025-05-25T16:55+00:00,500111076,南港區,YouBike2.0_南港展覽館2館,25.05545,121.61646,18,13,5,1,2025-05-26 00:54:29
2025-05-25T16:55+00:00,500111077,南港區,YouBike2.0_舊莊派出所,25.03827,121.62274,15,10,5,1,2025-05-26 00:54:29
2025-05-25T16:55+00:00,500111078,南港區,YouBike2.0_南港路三段80巷,25.05394,121.59124,15,5,10,1,2025-05-26 00:54:29
2025-05-25T16:55+00:00,500111079,南港區,YouBike2.0_捷運昆陽站(4號出口),25.05066,121.59431,28,1,27,1,2025-05-26 00:54:29
2025-05-25T16:55+00:00,500111080,南港區,YouBike2.0_忠孝東路六段278巷口,25.04916,121.58906,12,10,2,1,2025-05-26 00:54:29
2025-05-25T16:55+00:00,500111081,南港區,YouBike2.0_中研院人文社會科學館,25.04126,121.6118,30,2,28,1,2025-05-26 00:54:29
2025-05-25T16:55+00:00,500111082,南港區,YouBike2.0_南港路三段130巷口,25.05457,121.58781,12,8,4,1,2025-05-26 00:54:29
2025-05-25T16:55+00:00,500111083,南港區,YouBike2.0_南港路三段190巷口,25.05381,121.58638,16,5,11,1,2025-05-26 00:54:29
2025-05-25T16:55+00:00,500111084,南港區,YouBike2.0_忠孝東路六段212巷口,25.0488,121.58742,15,11,4,1,2025-05-26 00:54:29
2025-05-25T16:55+00:00,500111085,南港區,YouBike2.0_新富公園,25.05296,121.61713,12,5,7,1,2025-05-26 00:54:29
2025-05-25T16:55+00:00,500111086,南港區,YouBike2.0_東新街63巷口,25.04728,121.58605,15,10,5,1,2025-05-26 00:54:29
2025-05-25T16:55+00:00,500111087,南港區,YouBike2.0_中興公園,25.04487,121.61481,15,4,11,1,2025-05-26 00:54:29
2025-05-25T16:55+00:00,500111088,南港區,YouBike2.0_向陽市民大道路口(西北側),25.05163,121.59535,29,7,22,1,2025-05-26 00:54:29
2025-05-25T16:55+00:00,500111089,南港區,YouBike2.0_向陽南港路口(西北側),25.05486,121.5944,26,17,9,1,2025-05-26 00:54:29
2025-05-25T16:55+00:00,500111090,南港區,YouBike2.0_研究院路一段151巷口,25.04997,121.6162,14,9,5,1,2025-05-26 00:54:29
2025-05-25T16:55+00:00,500111091,南港區,YouBike2.0_興中重陽路口,25.05801,121.60674,24,3,20,1,2025-05-26 00:54:29
2025-05-25T16:55+00:00,500111092,南港區,YouBike2.0_中研院近代史研究所研究大樓,25.03999,121.61538,16,3,13,1,2025-05-26 00:54:29
2025-05-25T16:55+00:00,500111093,南港區,YouBike2.0_中研院人文社會科學研究中心,25.04159,121.61532,16,2,14,1,2025-05-26 00:54:29
2025-05-25T16:55+00:00,500111094,南港區,YouBike2.0_中研院生態時代館,25.04287,121.61342,16,3,12,1,2025-05-26 00:54:29
2025-05-25T16:55+00:00,500111095,南港區,YouBike2.0_玉成街(中坡北路50巷口),25.04691,121.58192,20,6,14,1,2025-05-26 00:54:29
2025-05-25T16:55+00:00,500111096,南港區,YouBike2.0_東明公園,25.05469,121.60381,20,2,18,1,2025-05-26 00:54:29
2025-05-25T16:55+00:00,500111097,南港區,YouBike2.0_捷運南港軟體園區站(1號出口),25.06043,121.61498,36,0,36,1,2025-05-26 00:54:29
2025-05-25T16:55+00:00,500111098,南港區,YouBike2.0_南港花園社區A18,25.04015,121.59111,13,6,3,1,2025-05-26 00:54:29
2025-05-25T16:55+00:00,500111113,南港區,YouBike2.0_內湖機廠(港東街),25.058,121.62189,20,10,9,1,2025-05-26 00:54:29
2025-05-25T16:55+00:00,500111114,南港區,YouBike2.0_市民昆陽街口,25.05124,121.59361,30,15,15,1,2025-05-26 00:54:29
2025-05-25T16:55+00:00,500111115,南港區,YouBike2.0_南港機廠(北流),25.05156,121.6014,20,8,12,1,2025-05-26 00:54:29
2025-05-25T16:55+00:00,500111116,南港區,YouBike2.0_忠孝東路七段265巷,25.05216,121.60338,40,8,32,1,2025-05-26 00:54:29
2025-05-25T16:55+00:00,500111117,南港區,YouBike2.0_昆陽東新街口,25.04857,121.59401,24,10,14,1,2025-05-26 00:54:29
2025-05-25T16:55+00:00,500111118,南港區,YouBike2.0_臺北市捷運局機電工程處,25.0614,121.61795,20,2,18,1,2025-05-26 00:54:29
2025-05-25T16:55+00:00,500111119,南港區,YouBike2.0_經貿二路105巷口(經貿二路),25.05791,121.61704,37,0,37,1,2025-05-26 00:54:29
2025-05-25T16:55+00:00,500111120,南港區,YouBike2.0_經貿二路105巷口(經貿一路),25.0586,121.61973,20,0,20,1,2025-05-26 00:54:29
2025-05-25T16:55+00:00,500111121,南港區,YouBike2.0_經貿二路185巷,25.06148,121.61698,21,4,17,1,2025-05-26 00:54:29
2025-05-25T16:55+00:00,500111123,南港區,YouBike2.0_南港路三段106巷口(中華賓士),25.05312,121.58928,23,10,13,1,2025-05-26 00:54:29
2025-05-25T16:55+00:00,500111124,南港區,YouBike2.0_中坡松隆路口,25.04865,121.58028,21,4,17,1,2025-05-26 00:54:29
2025-05-25T16:55+00:00,500112001,信義區,YouBike2.0_黎忠區民活動中心,25.02035,121.55769,20,14,2,1,2025-05-26 00:54:29
2025-05-25T16:55+00:00,500112002,信義區,YouBike2.0_基隆路二段159巷口,25.02561,121.55409,14,11,3,1,2025-05-26 00:54:29
2025-05-25T16:55+00:00,500112003,信義區,YouBike2.0_嘉興街175巷口,25.02811,121.55671,23,21,2,1,2025-05-26 00:54:29
2025-05-25T16:55+00:00,500112004,信義區,YouBike2.0_和平東路三段631巷口,25.0132,121.56335,24,12,12,1,2025-05-26 00:54:29
2025-05-25T16:55+00:00,500112005,信義區,YouBike2.0_和平東路三段530巷口,25.01545,121.56134,25,9,16,1,2025-05-26 00:54:29
2025-05-25T16:55+00:00,500112006,信義區,YouBike2.0_景勤二號公園,25.02698,121.55841,41,25,16,1,2025-05-26 00:54:29
2025-05-25T16:55+00:00,500112007,信義區,YouBike2.0_臺北醫學大學,25.02668,121.56175,64,14,50,1,2025-05-26 00:54:29
2025-05-25T16:55+00:00,500112008,信義區,YouBike2.0_三興公園,25.02868,121.55932,47,13,34,1,2025-05-26 00:54:29
2025-05-25T16:55+00:00,500112009,信義區,YouBike2.0_松德站,25.03162,121.57396,60,34,26,1,2025-05-26 00:54:29
2025-05-25T16:55+00:00,500112010,信義區,YouBike2.0_捷運象山站(2號出口),25.03222,121.56974,41,6,34,1,2025-05-26 00:54:29
2025-05-25T16:55+00:00,500112011,信義區,YouBike2.0_象山公園,25.02863,121.56981,48,2,46,1,2025-05-26 00:54:29
2025-05-25T16:55+00:00,500112012,信義區,YouBike2.0_松仁路253巷3弄,25.02678,121.56884,25,4,9,1,2025-05-26 00:54:29
2025-05-25T16:55+00:00,500112013,信義區,YouBike2.0_興雅國中,25.03616,121.56983,18,1,17,1,2025-05-26 00:54:29
2025-05-25T16:55+00:00,500112014,信義區,YouBike2.0_捷運象山站(1號出口),25.03295,121.56867,24,1,23,1,2025-05-26 00:54:29
2025-05-25T16:55+00:00,500112015,信義區,YouBike2.0_松德路200巷,25.03471,121.57301,57,24,33,1,2025-05-26 00:54:29
2025-05-25T16:55+00:00,500112016,信義區,YouBike2.0_中全公園,25.0382,121.57495,34,28,6,1,2025-05-26 00:54:29
2025-05-25T16:55+00:00,500112017,信義區,YouBike2.0_台北市災害應變中心,25.02868,121.56672,53,48,5,1,2025-05-26 00:54:29
2025-05-25T16:55+00:00,500112018,信義區,YouBike2.0_信義運動中心,25.03189,121.56678,35,6,29,1,2025-05-26 00:54:29
2025-05-25T16:55+00:00,500112019,信義區,YouBike2.0_捷運台北101/世貿站(3號出口),25.03275,121.56337,15,0,15,1,2025-05-26 00:54:29
2025-05-25T16:55+00:00,500112020,信義區,YouBike2.0_景新公園,25.03003,121.56287,17,15,2,1,2025-05-26 00:54:29
2025-05-25T16:55+00:00,500112021,信義區,YouBike2.0_光復信義路口東南側,25.03281,121.55756,16,0,0,0,2025-05-26 00:54:29
2025-05-25T16:55+00:00,500112022,信義區,YouBike2.0_三張犁,25.03452,121.5576,56,15,41,1,2025-05-26 00:54:29
2025-05-25T16:55+00:00,500112023,信義區,YouBike2.0_仁愛路四段496巷口,25.03745,121.5602,34,14,19,1,2025-05-26 00:54:29
2025-05-25T16:55+00:00,500112024,信義區,YouBike2.0_松山工農,25.03961,121.57199,34,1,33,1,2025-05-26 00:54:29
2025-05-25T16:55+00:00,500112025,信義區,YouBike2.0_松友公園,25.03423,121.57636,39,23,10,1,2025-05-26 00:54:29
2025-05-25T16:55+00:00,500112026,信義區,YouBike2.0_林口公園,25.03894,121.57915,51,42,9,1,2025-05-26 00:54:29
2025-05-25T16:55+00:00,500112027,信義區,YouBike2.0_松山家商,25.0347,121.58018,25,1,24,1,2025-05-26 00:54:29
2025-05-25T16:55+00:00,500112028,信義區,YouBike2.0_永春陂濕地公園,25.03301,121.58096,23,15,8,1,2025-05-26 00:54:29
2025-05-25T16:55+00:00,500112029,信義區,YouBike2.0_臺北市政府,25.03801,121.56541,63,3,60,1,2025-05-26 00:54:29
2025-05-25T16:55+00:00,500112030,信義區,YouBike2.0_松智松壽路口,25.03607,121.56535,39,5,34,1,2025-05-26 00:54:29
2025-05-25T16:55+00:00,500112031,信義區,YouBike2.0_市府松壽路口,25.03627,121.56383,28,2,26,1,2025-05-26 00:54:29
2025-05-25T16:55+00:00,500112032,信義區,YouBike2.0_市府松高路口,25.03899,121.56369,54,1,52,1,2025-05-26 00:54:29
2025-05-25T16:55+00:00,500112033,信義區,YouBike2.0_市民廣場,25.03599,121.56218,44,3,41,1,2025-05-26 00:54:29
2025-05-25T16:55+00:00,500112035,信義區,YouBike2.0_信義廣場(台北101),25.03306,121.5662,36,2,34,1,2025-05-26 00:54:29
2025-05-25T16:55+00:00,500112036,信義區,YouBike2.0_捷運台北101/世貿站(5號出口),25.03338,121.56333,21,6,15,1,2025-05-26 00:54:29
2025-05-25T16:55+00:00,500112037,信義區,YouBike2.0_春光公園,25.0427,121.58112,41,19,22,1,2025-05-26 00:54:29
2025-05-25T16:55+00:00,500112038,信義區,YouBike2.0_松仁路121巷口,25.03476,121.56865,31,1,30,1,2025-05-26 00:54:29
2025-05-25T16:55+00:00,500112039,信義區,YouBike2.0_福德國小,25.03846,121.58618,42,32,10,1,2025-05-26 00:54:29
2025-05-25T16:55+00:00,500112040,信義區,YouBike2.0_福德公園,25.03841,121.58355,35,21,14,1,2025-05-26 00:54:29
2025-05-25T16:55+00:00,500112042,信義區,YouBike2.0_松高路(信義新天地A4館),25.03918,121.56654,17,0,17,1,2025-05-26 00:54:29
2025-05-25T16:55+00:00,500112043,信義區,YouBike2.0_興雅松仁路口,25.0401,121.56822,65,0,64,1,2025-05-26 00:54:29
2025-05-25T16:55+00:00,500112044,信義區,YouBike2.0_福祥公園,25.04626,121.57045,26,21,5,1,2025-05-26 00:54:29
2025-05-25T16:55+00:00,500112045,信義區,YouBike2.0_吳興公車總站,25.02388,121.56984,56,45,10,1,2025-05-26 00:54:29
2025-05-25T16:55+00:00,500112046,信義區,YouBike2.0_泰和公園,25.0193,121.57105,40,31,4,1,2025-05-26 00:54:29
2025-05-25T16:55+00:00,500112047,信義區,YouBike2.0_興雅國小(基隆路一段37巷),25.04773,121.56895,27,19,8,1,2025-05-26 00:54:29
2025-05-25T16:55+00:00,500112048,信義區,YouBike2.0_雅祥公園(松信路50巷口),25.04732,121.57211,12,9,3,1,2025-05-26 00:54:29
2025-05-25T16:55+00:00,500112049,信義區,YouBike2.0_松山車站,25.0489,121.57841,70,1,69,1,2025-05-26 00:54:29
2025-05-25T16:55+00:00,500112050,信義區,YouBike2.0_五常公園,25.04797,121.57432,37,25,11,1,2025-05-26 00:54:29
2025-05-25T16:55+00:00,500112051,信義區,YouBike2.0_永吉松信路口,25.04548,121.57207,35,24,10,1,2025-05-26 00:54:29
2025-05-25T16:55+00:00,500112052,信義區,YouBike2.0_三興國小,25.02969,121.55766,26,25,1,1,2025-05-26 00:54:29
2025-05-25T16:55+00:00,500112053,信義區,YouBike2.0_市民松信路口,25.04927,121.57205,20,10,10,1,2025-05-26 00:54:29
2025-05-25T16:55+00:00,500112054,信義區,YouBike2.0_松山高中,25.0433,121.5638,42,4,37,1,2025-05-26 00:54:29
2025-05-25T16:55+00:00,500112055,信義區,YouBike2.0_基隆光復路口,25.03005,121.55764,31,25,5,1,2025-05-26 00:54:29
2025-05-25T16:55+00:00,500112056,信義區,YouBike2.0_基隆忠孝路口西南側,25.04108,121.5629,21,0,20,1,2025-05-26 00:54:29
2025-05-25T16:55+00:00,500112057,信義區,YouBike2.0_泰和里民活動中心,25.0213,121.57027,25,7,12,1,2025-05-26 00:54:29
2025-05-25T16:55+00:00,500112058,信義區,YouBike2.0_捷運後山埤站(2號出口),25.04395,121.58184,22,1,21,1,2025-05-26 00:54:29
2025-05-25T16:55+00:00,500112059,信義區,YouBike2.0_虎林永吉路口,25.04519,121.57712,21,10,10,1,2025-05-26 00:54:29
2025-05-25T16:55+00:00,500112060,信義區,YouBike2.0_永吉公園,25.04345,121.57539,25,16,8,1,2025-05-26 00:54:29
2025-05-25T16:55+00:00,500112061,信義區,YouBike2.0_永吉路321巷口,25.04561,121.57549,19,12,3,1,2025-05-26 00:54:29
2025-05-25T16:55+00:00,500112062,信義區,YouBike2.0_松山永吉路口,25.04623,121.57772,20,4,16,1,2025-05-26 00:54:29
2025-05-25T16:55+00:00,500112063,信義區,YouBike2.0_松山路292巷口,25.0432,121.57789,20,3,16,1,2025-05-26 00:54:29
2025-05-25T16:55+00:00,500112064,信義區,YouBike2.0_捷運象山站(3號出口),25.03295,121.5712,51,0,50,1,2025-05-26 00:54:29
2025-05-25T16:55+00:00,500112065,信義區,YouBike2.0_松德公園,25.03657,121.57349,40,1,37,1,2025-05-26 00:54:29
2025-05-25T16:55+00:00,500112066,信義區,YouBike2.0_世貿三館,25.03511,121.56369,54,4,50,1,2025-05-26 00:54:29
2025-05-25T16:55+00:00,500112067,信義區,YouBike2.0_松德虎林街口,25.0383,121.5762,30,14,16,1,2025-05-26 00:54:29
2025-05-25T16:55+00:00,500112068,信義區,YouBike2.0_富台公園,25.04185,121.57204,32,4,28,1,2025-05-26 00:54:29
2025-05-25T16:55+00:00,500112069,信義區,YouBike2.0_基隆路一段101巷口,25.04516,121.56702,32,16,15,1,2025-05-26 00:54:29
2025-05-25T16:55+00:00,500112070,信義區,YouBike2.0_捷運永春站(2號出口),25.0405,121.57538,30,6,24,1,2025-05-26 00:54:29
2025-05-25T16:55+00:00,500112071,信義區,YouBike2.0_吳興街260巷,25.02606,121.5631,32,24,7,1,2025-05-26 00:54:29
2025-05-25T16:55+00:00,500112072,信義區,YouBike2.0_松山家商(林口街),25.03593,121.57906,47,26,21,1,2025-05-26 00:54:29
2025-05-25T16:55+00:00,500112073,信義區,YouBike2.0_仁愛逸仙路口,25.03771,121.56124,38,10,28,1,2025-05-26 00:54:29
2025-05-25T16:55+00:00,500112075,信義區,YouBike2.0_信義基隆路口,25.03321,121.55873,26,2,23,1,2025-05-26 00:54:29
2025-05-25T16:55+00:00,500112076,信義區,YouBike2.0_捷運台北101/世貿站(2號出口),25.0327,121.56157,52,0,52,1,2025-05-26 00:54:29
2025-05-25T16:55+00:00,500112078,信義區,YouBike2.0_吳興街284巷36弄口,25.02236,121.56268,33,12,15,1,2025-05-26 00:54:29
2025-05-25T16:55+00:00,500112079,信義區,YouBike2.0_協和祐德高級中學,25.0426,121.58381,20,10,9,1,2025-05-26 00:54:29
2025-05-25T16:55+00:00,500112080,信義區,YouBike2.0_福德國小公車站,25.03929,121.58755,19,12,7,1,2025-05-26 00:54:29
2025-05-25T16:55+00:00,500112081,信義區,YouBike2.0_松仁路95巷口,25.03656,121.56866,60,6,53,1,2025-05-26 00:54:29
2025-05-25T16:55+00:00,500112082,信義區,YouBike2.0_臺北南山廣場_1,25.03404,121.56598,68,1,67,1,2025-05-26 00:54:29
2025-05-25T16:55+00:00,500112083,信義區,YouBike2.0_景聯廣場,25.03214,121.55974,23,5,18,1,2025-05-26 00:54:29
2025-05-25T16:55+00:00,500112084,信義區,YouBike2.0_景平公園,25.02976,121.5642,41,14,27,1,2025-05-26 00:54:29
2025-05-25T16:55+00:00,500112085,信義區,YouBike2.0_捷運市政府站(3號出口),25.04084,121.56789,92,1,91,1,2025-05-26 00:54:29
2025-05-25T16:55+00:00,500112086,信義區,YouBike2.0_五分埔公園,25.04719,121.58058,20,2,16,1,2025-05-26 00:54:29
2025-05-25T16:55+00:00,500112087,信義區,YouBike2.0_松仁路305號,25.02306,121.57036,21,13,6,1,2025-05-26 00:54:29
2025-05-25T16:55+00:00,500112088,信義區,YouBike2.0_吳興街394巷口,25.02474,121.56741,12,7,3,1,2025-05-26 00:54:29
2025-05-25T16:55+00:00,500112089,信義區,YouBike2.0_忠孝東路五段215巷口,25.0409,121.5705,24,0,24,1,2025-05-26 00:54:29
2025-05-25T16:55+00:00,500112090,信義區,YouBike2.0_松勤莊敬路口,25.03203,121.5615,15,4,11,1,2025-05-26 00:54:29
2025-05-25T16:55+00:00,500112091,信義區,YouBike2.0_松仁松平路口,25.03047,121.56838,10,4,6,1,2025-05-26 00:54:29
2025-05-25T16:55+00:00,500112092,信義區,YouBike2.0_信義松德路口,25.03322,121.57433,23,11,12,1,2025-05-26 00:54:29
2025-05-25T16:55+00:00,500112093,信義區,YouBike2.0_捷運市政府站(4號出口),25.04146,121.56731,14,1,13,1,2025-05-26 00:54:29
2025-05-25T16:55+00:00,500112094,信義區,YouBike2.0_吳興街284巷(廣安宮),25.02326,121.56329,15,4,4,1,2025-05-26 00:54:29
2025-05-25T16:55+00:00,500112095,信義區,YouBike2.0_景勤二號公園(西南側),25.02605,121.5577,22,19,3,1,2025-05-26 00:54:29
2025-05-25T16:55+00:00,500112096,信義區,YouBike2.0_克勤新村,25.02589,121.56073,18,7,11,1,2025-05-26 00:54:29
2025-05-25T16:55+00:00,500112097,信義區,YouBike2.0_和平東路三段291號,25.02186,121.55532,20,5,10,1,2025-05-26 00:54:29
2025-05-25T16:55+00:00,500112098,信義區,YouBike2.0_永吉路468巷口,25.04533,121.57915,13,7,6,1,2025-05-26 00:54:29
2025-05-25T16:55+00:00,500112099,信義區,YouBike2.0_廣慈博愛園區(西側),25.03866,121.58082,23,15,6,1,2025-05-26 00:54:29
2025-05-25T16:55+00:00,500112100,信義區,YouBike2.0_和平東路三段341巷口,25.02188,121.55891,22,16,3,1,2025-05-26 00:54:29
2025-05-25T16:55+00:00,500112101,信義區,YouBike2.0_革新公園,25.04367,121.56741,20,0,20,0,2025-05-26 00:54:29
2025-05-25T16:55+00:00,500112102,信義區,YouBike2.0_黎雙公園,25.0246,121.56028,17,10,4,1,2025-05-26 00:54:29
2025-05-25T16:55+00:00,500112103,信義區,YouBike2.0_臺北文化體育園區辦公大樓,25.04144,121.56126,33,1,32,1,2025-05-26 00:54:29
2025-05-25T16:55+00:00,500112104,信義區,YouBike2.0_捷運國父紀念館站(5號出口),25.04206,121.55792,23,0,23,1,2025-05-26 00:54:29
2025-05-25T16:55+00:00,500112105,信義區,YouBike2.0_光復南菸廠路口,25.04482,121.55795,25,0,25,1,2025-05-26 00:54:29
2025-05-25T16:55+00:00,500112106,信義區,YouBike2.0_中坡北永吉路口,25.04557,121.58059,15,0,15,1,2025-05-26 00:54:29
2025-05-25T16:55+00:00,500112107,信義區,YouBike2.0_松仁路281巷66弄,25.02261,121.57178,20,11,9,1,2025-05-26 00:54:29
2025-05-25T16:55+00:00,500112108,信義區,YouBike2.0_基隆市民路口,25.04892,121.56906,26,23,3,1,2025-05-26 00:54:29
2025-05-25T16:55+00:00,500112109,信義區,YouBike2.0_松仁路253巷4弄口,25.02559,121.56954,22,8,7,1,2025-05-26 00:54:29
2025-05-25T16:55+00:00,500112110,信義區,YouBike2.0_松德路169巷口,25.03633,121.57582,20,5,15,1,2025-05-26 00:54:29
2025-05-25T16:55+00:00,500112111,信義區,YouBike2.0_吳興新村,25.02815,121.56114,22,11,11,1,2025-05-26 00:54:29
2025-05-25T16:55+00:00,500112113,信義區,YouBike2.0_永吉路187巷口,25.04584,121.57273,16,8,5,1,2025-05-26 00:54:29
2025-05-25T16:55+00:00,500112114,信義區,YouBike2.0_仁愛路四段512巷,25.03706,121.56124,16,9,7,1,2025-05-26 00:54:29
2025-05-25T16:55+00:00,500112115,信義區,YouBike2.0_信安街/富陽街44巷口,25.02309,121.55537,21,10,6,1,2025-05-26 00:54:29
2025-05-25T16:55+00:00,500112116,信義區,YouBike2.0_吳興公園,25.02383,121.56767,20,13,7,1,2025-05-26 00:54:29
2025-05-25T16:55+00:00,500112117,信義區,YouBike2.0_逸仙松高路口,25.03942,121.56149,25,7,18,1,2025-05-26 00:54:29
2025-05-25T16:55+00:00,500112118,信義區,YouBike2.0_光復仁愛路口,25.03784,121.55768,25,8,17,1,2025-05-26 00:54:29
2025-05-25T16:55+00:00,500112119,信義區,YouBike2.0_信義松智路口(東南側),25.03284,121.56555,51,1,50,1,2025-05-26 00:54:29
2025-05-25T16:55+00:00,500112120,信義區,YouBike2.0_松山家商(東側),25.03568,121.58133,24,8,15,1,2025-05-26 00:54:29
2025-05-25T16:55+00:00,500112123,信義區,YouBike2.0_松山松隆路口,25.04831,121.57766,14,7,7,1,2025-05-26 00:54:29
2025-05-25T16:55+00:00,500112124,信義區,YouBike2.0_松智松平路口,25.0304,121.5654,16,1,15,1,2025-05-26 00:54:29
2025-05-25T16:55+00:00,500112125,信義區,YouBike2.0_象山公園(松勤街140巷),25.03098,121.5697,29,6,23,1,2025-05-26 00:54:29
2025-05-25T16:55+00:00,500112127,信義區,YouBike2.0_永吉路120巷15弄口,25.04501,121.57028,21,15,6,1,2025-05-26 00:54:29
2025-05-25T16:55+00:00,500113001,萬華區,YouBike2.0_德昌寶興街口(西北角),25.02365,121.49528,14,9,0,1,2025-05-26 00:54:29
2025-05-25T16:55+00:00,500113002,萬華區,YouBike2.0_寶興長泰街口(西南角),25.0216,121.49597,17,11,6,1,2025-05-26 00:54:29
2025-05-25T16:55+00:00,500113003,萬華區,YouBike2.0_萬大路486巷口,25.01975,121.4973,10,7,3,1,2025-05-26 00:54:29
2025-05-25T16:55+00:00,500113004,萬華區,YouBike2.0_國興中華路口,25.02485,121.50898,22,11,7,1,2025-05-26 00:54:29
2025-05-25T16:55+00:00,500113005,萬華區,YouBike2.0_古亭國中,25.02442,121.5107,25,11,8,1,2025-05-26 00:54:29
2025-05-25T16:55+00:00,500113006,萬華區,YouBike2.0_國興水源路口,25.02297,121.50845,23,10,12,1,2025-05-26 00:54:29
2025-05-25T16:55+00:00,500113007,萬華區,YouBike2.0_青年公園高爾夫球場,25.02481,121.50755,25,9,13,1,2025-05-26 00:54:29
2025-05-25T16:55+00:00,500113008,萬華區,YouBike2.0_國興青年路口,25.02594,121.50651,51,16,35,1,2025-05-26 00:54:29
2025-05-25T16:55+00:00,500113009,萬華區,YouBike2.0_青年公園棒球場,25.0241,121.50289,28,5,23,1,2025-05-26 00:54:29
2025-05-25T16:55+00:00,500113010,萬華區,YouBike2.0_青年公園籃球場,25.02085,121.50539,24,2,22,1,2025-05-26 00:54:29
2025-05-25T16:55+00:00,500113012,萬華區,YouBike2.0_復華花園新城,25.02964,121.50258,38,15,23,1,2025-05-26 00:54:29
2025-05-25T16:55+00:00,500113013,萬華區,YouBike2.0_新和國小,25.02582,121.50255,20,12,8,1,2025-05-26 00:54:29
2025-05-25T16:55+00:00,500113014,萬華區,YouBike2.0_莒光郵局,25.03124,121.50122,22,13,9,1,2025-05-26 00:54:29
2025-05-25T16:55+00:00,500113015,萬華區,YouBike2.0_莒光立體停車場,25.03116,121.50336,10,5,3,1,2025-05-26 00:54:29
2025-05-25T16:55+00:00,500113016,萬華區,YouBike2.0_艋舺大道146巷口,25.03301,121.5016,14,5,9,1,2025-05-26 00:54:29
2025-05-25T16:55+00:00,500113017,萬華區,YouBike2.0_東園國小,25.02257,121.49807,33,15,16,1,2025-05-26 00:54:29
2025-05-25T16:55+00:00,500113018,萬華區,YouBike2.0_華中疏散門,25.01688,121.49534,12,7,5,1,2025-05-26 00:54:29
2025-05-25T16:55+00:00,500113019,萬華區,YouBike2.0_錦德公園,25.02332,121.49264,29,9,7,1,2025-05-26 00:54:29
2025-05-25T16:55+00:00,500113020,萬華區,YouBike2.0_忠德公園,25.02516,121.49604,19,8,6,1,2025-05-26 00:54:29
2025-05-25T16:55+00:00,500113022,萬華區,YouBike2.0_華江高中,25.02744,121.49619,50,45,5,1,2025-05-26 00:54:29
2025-05-25T16:55+00:00,500113023,萬華區,YouBike2.0_西園艋舺路口,25.03267,121.49757,50,12,38,1,2025-05-26 00:54:29
2025-05-25T16:55+00:00,500113025,萬華區,YouBike2.0_雙園國中,25.02673,121.49176,24,19,5,1,2025-05-26 00:54:29
2025-05-25T16:55+00:00,500113026,萬華區,YouBike2.0_長順區民活動中心,25.03284,121.48908,26,19,7,1,2025-05-26 00:54:29
2025-05-25T16:55+00:00,500113027,萬華區,YouBike2.0_華江國小,25.03397,121.49029,17,6,6,1,2025-05-26 00:54:29
2025-05-25T16:55+00:00,500113028,萬華區,YouBike2.0_華江八號公園,25.03388,121.49293,20,9,5,1,2025-05-26 00:54:29
2025-05-25T16:55+00:00,500113029,萬華區,YouBike2.0_環河南雙園街口,25.03203,121.49127,21,10,11,1,2025-05-26 00:54:29
2025-05-25T16:55+00:00,500113030,萬華區,YouBike2.0_大理高中,25.03124,121.49075,35,16,19,1,2025-05-26 00:54:29
2025-05-25T16:55+00:00,500113031,萬華區,YouBike2.0_糖廍文化園區,25.03383,121.4946,18,8,9,1,2025-05-26 00:54:29
2025-05-25T16:55+00:00,500113032,萬華區,YouBike2.0_兩棵樹公園,25.03253,121.49549,19,8,10,1,2025-05-26 00:54:29
2025-05-25T16:55+00:00,500113033,萬華區,YouBike2.0_萬華青年公宅,25.02021,121.50376,23,9,11,1,2025-05-26 00:54:29
2025-05-25T16:55+00:00,500113034,萬華區,YouBike2.0_開封西寧路口,25.04662,121.50717,68,12,55,1,2025-05-26 00:54:29
2025-05-25T16:55+00:00,500113035,萬華區,YouBike2.0_峨眉停車場,25.04441,121.50541,47,16,30,1,2025-05-26 00:54:29
2025-05-25T16:55+00:00,500113036,萬華區,YouBike2.0_長沙公園,25.0417,121.49992,30,9,21,1,2025-05-26 00:54:29
2025-05-25T16:55+00:00,500113037,萬華區,YouBike2.0_貓公園(中興橋頭),25.04369,121.5018,16,14,2,1,2025-05-26 00:54:29
2025-05-25T16:55+00:00,500113038,萬華區,YouBike2.0_西本願寺廣場,25.04099,121.50769,87,3,84,1,2025-05-26 00:54:29
2025-05-25T16:55+00:00,500113039,萬華區,YouBike2.0_中華桂林路口,25.03771,121.50662,34,2,32,1,2025-05-26 00:54:29
2025-05-25T16:55+00:00,500113040,萬華區,YouBike2.0_捷運龍山寺站(1號出口),25.03535,121.49938,33,1,32,1,2025-05-26 00:54:29
2025-05-25T16:55+00:00,500113041,萬華區,YouBike2.0_龍山國小,25.0355,121.49541,30,10,20,1,2025-05-26 00:54:29
2025-05-25T16:55+00:00,500113042,萬華區,YouBike2.0_華西公園,25.03852,121.49881,51,36,15,1,2025-05-26 00:54:29
2025-05-25T16:55+00:00,500113043,萬華區,YouBike2.0_老松國小,25.03792,121.50177,50,20,30,1,2025-05-26 00:54:29
2025-05-25T16:55+00:00,500113044,萬華區,YouBike2.0_萬華火車站,25.03364,121.50322,53,37,16,1,2025-05-26 00:54:29
2025-05-25T16:55+00:00,500113045,萬華區,YouBike2.0_萬華火車站(D2廣場),25.03394,121.50117,42,1,41,1,2025-05-26 00:54:29
2025-05-25T16:55+00:00,500113046,萬華區,YouBike2.0_捷運龍山寺站(3號出口),25.03509,121.50199,32,3,29,1,2025-05-26 00:54:29
2025-05-25T16:55+00:00,500113047,萬華區,YouBike2.0_臺北市電影主題公園(峨眉街),25.04445,121.50306,20,2,18,1,2025-05-26 00:54:29
2025-05-25T16:55+00:00,500113048,萬華區,YouBike2.0_臺北市電影主題公園(康定路),25.04551,121.50318,15,4,11,1,2025-05-26 00:54:29
2025-05-25T16:55+00:00,500113049,萬華區,YouBike2.0_中華峨眉街口,25.04345,121.50841,24,0,24,1,2025-05-26 00:54:29
2025-05-25T16:55+00:00,500113050,萬華區,YouBike2.0_萬華266號綠地,25.0403,121.50197,19,16,2,1,2025-05-26 00:54:29
2025-05-25T16:55+00:00,500113051,萬華區,YouBike2.0_萬大國小(萬大路344巷口),25.02376,121.49986,23,15,8,1,2025-05-26 00:54:29
2025-05-25T16:55+00:00,500113052,萬華區,YouBike2.0_德昌街10巷口,25.02533,121.4996,17,5,12,1,2025-05-26 00:54:29
2025-05-25T16:55+00:00,500113053,萬華區,YouBike2.0_環河南和平西路口,25.03517,121.49048,20,14,6,1,2025-05-26 00:54:29
2025-05-25T16:55+00:00,500113054,萬華區,YouBike2.0_長順街60巷口,25.03119,121.48858,15,7,7,1,2025-05-26 00:54:29
2025-05-25T16:55+00:00,500113055,萬華區,YouBike2.0_西園公園,25.0271,121.49775,14,9,2,1,2025-05-26 00:54:29
2025-05-25T16:55+00:00,500113056,萬華區,YouBike2.0_華江污水廠,25.03606,121.49163,20,13,7,1,2025-05-26 00:54:29
2025-05-25T16:55+00:00,500113057,萬華區,YouBike2.0_柳鄉公園,25.03731,121.49526,34,1,33,1,2025-05-26 00:54:29
2025-05-25T16:55+00:00,500113058,萬華區,YouBike2.0_綠堤社區公園,25.03302,121.4931,28,17,8,1,2025-05-26 00:54:29
2025-05-25T16:55+00:00,500113059,萬華區,YouBike2.0_長順艋舺大道口,25.03035,121.49228,26,15,11,1,2025-05-26 00:54:29
2025-05-25T16:55+00:00,500113060,萬華區,YouBike2.0_富民路145巷口,25.01796,121.49988,18,5,13,1,2025-05-26 00:54:29
2025-05-25T16:55+00:00,500113061,萬華區,YouBike2.0_環南綜合市場,25.0286,121.48908,26,6,20,1,2025-05-26 00:54:29
2025-05-25T16:55+00:00,500113062,萬華區,YouBike2.0_龍山國中,25.03646,121.50492,15,5,10,1,2025-05-26 00:54:29
2025-05-25T16:55+00:00,500113063,萬華區,YouBike2.0_洛陽停車場,25.04776,121.50612,22,22,0,1,2025-05-26 00:54:29
2025-05-25T16:55+00:00,500113064,萬華區,YouBike2.0_桂林昆明街口,25.03811,121.50362,29,22,7,1,2025-05-26 00:54:29
2025-05-25T16:55+00:00,500113065,萬華區,YouBike2.0_萬華國中_1,25.02926,121.49936,36,1,35,1,2025-05-26 00:54:29
2025-05-25T16:55+00:00,500113066,萬華區,YouBike2.0_青年公園3號出口,25.02273,121.50271,46,21,25,1,2025-05-26 00:54:29
2025-05-25T16:55+00:00,500113068,萬華區,YouBike2.0_捷運龍山寺站(1號出口)_1,25.03548,121.50026,64,1,63,1,2025-05-26 00:54:29
2025-05-25T16:55+00:00,500113069,萬華區,YouBike2.0_莒光社會住宅,25.0317,121.50033,30,3,27,1,2025-05-26 00:54:29
2025-05-25T16:55+00:00,500113070,萬華區,YouBike2.0_艋舺西藏路口,25.0287,121.49156,30,22,8,1,2025-05-26 00:54:29
2025-05-25T16:55+00:00,500113071,萬華區,YouBike2.0_萬大路493巷,25.01975,121.4992,10,3,7,1,2025-05-26 00:54:29
2025-05-25T16:55+00:00,500113072,萬華區,YouBike2.0_雙園國中地下停車場,25.02768,121.49134,12,5,4,1,2025-05-26 00:54:29
2025-05-25T16:55+00:00,500113073,萬華區,YouBike2.0_青年路152巷口,25.01979,121.5009,23,5,11,1,2025-05-26 00:54:29
2025-05-25T16:55+00:00,500113074,萬華區,YouBike2.0_和平西路二段190巷口,25.03348,121.50445,15,7,8,1,2025-05-26 00:54:29
2025-05-25T16:55+00:00,500113075,萬華區,YouBike2.0_萬大路424巷口,25.02039,121.4927,15,6,5,1,2025-05-26 00:54:29
2025-05-25T16:55+00:00,500113077,萬華區,YouBike2.0_長泰街52巷口,25.0232,121.50028,15,4,4,1,2025-05-26 00:54:29
2025-05-25T16:55+00:00,500113078,萬華區,YouBike2.0_水源青年路口,25.02005,121.50429,24,6,17,1,2025-05-26 00:54:29
2025-05-25T16:55+00:00,500113079,萬華區,YouBike2.0_青年公園4號出口,25.02114,121.50265,24,12,9,1,2025-05-26 00:54:29
2025-05-25T16:55+00:00,500113080,萬華區,YouBike2.0_祥安水岸景觀大廈,25.01907,121.50219,15,9,5,1,2025-05-26 00:54:29
2025-05-25T16:55+00:00,500113081,萬華區,YouBike2.0_大理高中(西藏路),25.03062,121.49021,40,5,35,1,2025-05-26 00:54:29
2025-05-25T16:55+00:00,500113083,萬華區,YouBike2.0_綠堤公園(西北側),25.03338,121.49267,14,7,7,1,2025-05-26 00:54:29
2025-05-25T16:55+00:00,500113085,萬華區,YouBike2.0_艋舺雙園街口,25.0301,121.49324,14,6,4,1,2025-05-26 00:54:29
2025-05-25T16:55+00:00,500113086,萬華區,YouBike2.0_德昌街125巷口,25.02406,121.49639,19,14,0,1,2025-05-26 00:54:29
2025-05-25T16:55+00:00,500113087,萬華區,YouBike2.0_萬青街186號,25.02263,121.50154,21,14,1,1,2025-05-26 00:54:29
2025-05-25T16:55+00:00,500113088,萬華區,YouBike2.0_艋舺大道/西園路140巷口,25.03174,121.49502,20,14,6,1,2025-05-26 00:54:29
2025-05-25T16:55+00:00,500113089,萬華區,YouBike2.0_龍山國中(廣州街),25.03614,121.50625,24,1,23,1,2025-05-26 00:54:29
2025-05-25T16:55+00:00,500113090,萬華區,YouBike2.0_華江高中(西藏路),25.02901,121.49659,32,9,23,1,2025-05-26 00:54:29
2025-05-25T16:55+00:00,500113091,萬華區,YouBike2.0_新和國小(中華路二段416巷),25.02677,121.50283,19,7,5,1,2025-05-26 00:54:29
2025-05-25T16:55+00:00,500113092,萬華區,YouBike2.0_環南綜合市場(西藏路),25.0294,121.49082,15,3,12,1,2025-05-26 00:54:29
2025-05-25T16:55+00:00,500119005,臺大公館校區,YouBike2.0_臺大水源舍區A棟,25.01493,121.53044,37,8,29,1,2025-05-26 00:54:29
2025-05-25T16:55+00:00,500119006,臺大公館校區,YouBike2.0_臺大卓越研究大樓,25.01466,121.52917,92,54,38,1,2025-05-26 00:54:29
2025-05-25T16:55+00:00,500119007,臺大公館校區,YouBike2.0_臺大水源修齊會館,25.01411,121.52997,35,0,35,1,2025-05-26 00:54:29
2025-05-25T16:55+00:00,500119008,臺大公館校區,YouBike2.0_臺大檔案展示館,25.01391,121.52895,10,4,6,1,2025-05-26 00:54:29
2025-05-25T16:55+00:00,500119009,臺大公館校區,YouBike2.0_臺大水源舍區B棟,25.01525,121.53009,30,14,15,1,2025-05-26 00:54:29
2025-05-25T16:55+00:00,500119043,臺大公館校區,YouBike2.0_臺大男八舍東側,25.01729,121.54531,42,42,0,1,2025-05-26 00:54:29
2025-05-25T16:55+00:00,500119044,臺大公館校區,YouBike2.0_臺大禮賢樓東南側,25.01415,121.53767,35,2,33,1,2025-05-26 00:54:29
2025-05-25T16:55+00:00,500119045,臺大公館校區,YouBike2.0_臺大農業陳列館北側,25.01839,121.53404,45,1,44,1,2025-05-26 00:54:29
2025-05-25T16:55+00:00,500119046,臺大公館校區,YouBike2.0_臺大管理學院二館北側,25.01355,121.53673,40,3,37,1,2025-05-26 00:54:29
2025-05-25T16:55+00:00,500119047,臺大公館校區,YouBike2.0_臺大土木系館,25.01761,121.53844,30,0,30,1,2025-05-26 00:54:29
2025-05-25T16:55+00:00,500119048,臺大公館校區,YouBike2.0_臺大大一女舍北側,25.01547,121.53436,53,0,53,1,2025-05-26 00:54:29
2025-05-25T16:55+00:00,500119049,臺大公館校區,YouBike2.0_臺大女九舍西南側,25.01981,121.53903,99,26,73,1,2025-05-26 00:54:29
2025-05-25T16:55+00:00,500119050,臺大公館校區,YouBike2.0_臺大小福樓東側,25.01846,121.5376,31,0,31,1,2025-05-26 00:54:29
2025-05-25T16:55+00:00,500119051,臺大公館校區,YouBike2.0_臺大立體機車停車場,25.01616,121.54251,27,4,23,1,2025-05-26 00:54:29
2025-05-25T16:55+00:00,500119052,臺大公館校區,YouBike2.0_臺大工綜館南側,25.01857,121.54059,26,0,26,1,2025-05-26 00:54:29
2025-05-25T16:55+00:00,500119053,臺大公館校區,YouBike2.0_臺大天文數學館南側,25.02108,121.53783,19,3,16,1,2025-05-26 00:54:29
2025-05-25T16:55+00:00,500119054,臺大公館校區,YouBike2.0_臺大心理系館南側,25.01941,121.5404,30,0,30,1,2025-05-26 00:54:29
2025-05-25T16:55+00:00,500119055,臺大公館校區,YouBike2.0_臺大樂學館東側,25.01793,121.53585,28,4,24,1,2025-05-26 00:54:29
2025-05-25T16:55+00:00,500119056,臺大公館校區,YouBike2.0_臺大農化新館西側,25.01627,121.53535,10,7,3,1,2025-05-26 00:54:29
2025-05-25T16:55+00:00,500119057,臺大公館校區,YouBike2.0_臺大五號館西側,25.01666,121.53718,48,0,48,1,2025-05-26 00:54:29
2025-05-25T16:55+00:00,500119058,臺大公館校區,YouBike2.0_臺大舊體育館西側,25.0198,121.53583,33,4,29,1,2025-05-26 00:54:29
2025-05-25T16:55+00:00,500119059,臺大公館校區,YouBike2.0_臺大共同教室北側,25.01595,121.53791,68,0,68,1,2025-05-26 00:54:29
2025-05-25T16:55+00:00,500119060,臺大公館校區,YouBike2.0_臺大共同教室東南側,25.01566,121.53786,12,0,12,1,2025-05-26 00:54:29
2025-05-25T16:55+00:00,500119061,臺大公館校區,YouBike2.0_臺大鹿鳴堂東側,25.01511,121.53786,39,3,36,1,2025-05-26 00:54:29
2025-05-25T16:55+00:00,500119062,臺大公館校區,YouBike2.0_臺大公館停車場西北側,25.01345,121.53798,12,1,11,1,2025-05-26 00:54:29
2025-05-25T16:55+00:00,500119063,臺大公館校區,YouBike2.0_臺大第二行政大樓南側,25.01603,121.53635,27,0,27,1,2025-05-26 00:54:29
2025-05-25T16:55+00:00,500119064,臺大公館校區,YouBike2.0_臺大明達館機車停車場,25.01754,121.54398,28,3,25,1,2025-05-26 00:54:29
2025-05-25T16:55+00:00,500119065,臺大公館校區,YouBike2.0_臺大二號館,25.01699,121.53574,10,0,10,1,2025-05-26 00:54:29
2025-05-25T16:55+00:00,500119066,臺大公館校區,YouBike2.0_臺大凝態館南側,25.02157,121.53633,20,7,13,1,2025-05-26 00:54:29
2025-05-25T16:55+00:00,500119067,臺大公館校區,YouBike2.0_臺大社科院西側,25.02053,121.54145,42,9,33,1,2025-05-26 00:54:29
2025-05-25T16:55+00:00,500119068,臺大公館校區,YouBike2.0_臺大社會系館南側,25.01987,121.54175,66,1,65,1,2025-05-26 00:54:29
2025-05-25T16:55+00:00,500119069,臺大公館校區,YouBike2.0_臺大思亮館東南側,25.02074,121.53906,26,7,19,1,2025-05-26 00:54:29
2025-05-25T16:55+00:00,500119070,臺大公館校區,YouBike2.0_臺大椰林小舖,25.01561,121.53583,48,2,46,1,2025-05-26 00:54:29
2025-05-25T16:55+00:00,500119071,臺大公館校區,YouBike2.0_臺大計資中心南側,25.02036,121.53992,34,4,30,1,2025-05-26 00:54:29
2025-05-25T16:55+00:00,500119072,臺大公館校區,YouBike2.0_臺大原分所北側,25.01881,121.53868,12,1,11,1,2025-05-26 00:54:29
2025-05-25T16:55+00:00,500119074,臺大公館校區,YouBike2.0_臺大生命科學館西北側,25.01548,121.53825,30,1,29,1,2025-05-26 00:54:29
2025-05-25T16:55+00:00,500119075,臺大公館校區,YouBike2.0_臺大第一活動中心西南側,25.01761,121.53995,48,0,48,1,2025-05-26 00:54:29
2025-05-25T16:55+00:00,500119076,臺大公館校區,YouBike2.0_臺大博理館西側,25.01922,121.54195,22,1,21,1,2025-05-26 00:54:29
2025-05-25T16:55+00:00,500119077,臺大公館校區,YouBike2.0_臺大博雅館西側,25.0189,121.536,56,17,39,1,2025-05-26 00:54:29
2025-05-25T16:55+00:00,500119078,臺大公館校區,YouBike2.0_臺大森林館北側,25.01704,121.53888,10,0,10,1,2025-05-26 00:54:29
2025-05-25T16:55+00:00,500119079,臺大公館校區,YouBike2.0_臺大一號館,25.01698,121.53455,19,0,19,1,2025-05-26 00:54:29
2025-05-25T16:55+00:00,500119080,臺大公館校區,YouBike2.0_臺大小小福西南側,25.01539,121.53686,10,0,10,1,2025-05-26 00:54:29
2025-05-25T16:55+00:00,500119081,臺大公館校區,YouBike2.0_臺大教研館北側,25.01337,121.53909,26,2,24,1,2025-05-26 00:54:29
2025-05-25T16:55+00:00,500119082,臺大公館校區,YouBike2.0_臺大四號館東北側,25.01703,121.53781,10,0,10,1,2025-05-26 00:54:29
2025-05-25T16:55+00:00,500119083,臺大公館校區,YouBike2.0_臺大新生教室南側,25.0196,121.53846,18,1,17,1,2025-05-26 00:54:29
2025-05-25T16:55+00:00,500119084,臺大公館校區,YouBike2.0_臺大鄭江樓北側,25.01854,121.54309,40,0,39,1,2025-05-26 00:54:29
2025-05-25T16:55+00:00,500119085,臺大公館校區,YouBike2.0_臺大電機二館東南側,25.01857,121.54247,14,0,14,1,2025-05-26 00:54:29
2025-05-25T16:55+00:00,500119086,臺大公館校區,YouBike2.0_臺大圖資系館北側,25.01804,121.53928,51,1,50,1,2025-05-26 00:54:29
2025-05-25T16:55+00:00,500119087,臺大公館校區,YouBike2.0_臺大總圖書館西南側,25.0169,121.54031,30,1,29,1,2025-05-26 00:54:29
2025-05-25T16:55+00:00,500119088,臺大公館校區,YouBike2.0_臺大黑森林西側,25.01995,121.54347,35,8,26,1,2025-05-26 00:54:29
2025-05-25T16:55+00:00,500119089,臺大公館校區,YouBike2.0_臺大獸醫館南側,25.01791,121.54242,24,11,13,1,2025-05-26 00:54:29
2025-05-25T16:55+00:00,500119090,臺大公館校區,YouBike2.0_臺大新體育館東南側,25.02112,121.53591,51,17,34,1,2025-05-26 00:54:29
2025-05-25T16:55+00:00,500119091,臺大公館校區,YouBike2.0_臺大明達館北側(員工宿舍),25.01816,121.54469,18,11,7,1,2025-05-26 00:54:29
2025-05-25T16:55+00:00,500119092,臺大公館校區,YouBike2.0_臺大管理學院一館,25.01436,121.53828,17,6,11,1,2025-05-26 00:54:29
2025-05-25T16:55+00:00,500119093,臺大公館校區,YouBike2.0_臺大禮賢樓西側,25.01467,121.53765,36,4,32,1,2025-05-26 00:54:29
2025-05-25T16:55+00:00,500119094,臺大公館校區,YouBike2.0_臺大大一女餐廳廣場,25.01479,121.53494,40,0,20,1,2025-05-26 00:54:29
2025-05-25T16:55+00:00,500119095,臺大公館校區,YouBike2.0_臺大學新館,25.01944,121.54339,33,0,33,1,2025-05-26 00:54:29
2025-05-25T16:55+00:00,500119096,臺大公館校區,YouBike2.0_臺大水源舍區C棟,25.01547,121.52892,99,72,27,1,2025-05-26 00:54:29
2025-05-25T16:55+00:00,500119097,臺大公館校區,YouBike2.0_臺大人文館,25.0182,121.53476,67,35,17,1,2025-05-26 00:54:29
